0.0018410363
0.0036475977
0.0051497286
0.0064113145
0.0074799224
0.008389412
0.00916744
0.009833975
0.010406057
0.010896757
0.01131681
0.011675926
0.011980153
0.012238069
0.012453164
0.012631068
0.01277614
0.012890733
0.01297782
0.013040464
0.013080292
0.013099193
0.013099006
0.01308053
0.013044834
0.012992846
0.012925213
0.012841998
0.012744671
0.012632907
0.012506413
0.012366502
0.012212961
0.01204559
0.011865188
0.011671626
0.011464495
0.011244869
0.011012589
0.010767717
0.010510678
0.010241489
0.009960669
0.009667736
0.009364062
0.009049481
0.008723558
0.008387647
0.008041831
0.0076862057
0.007321014
0.0069470443
0.0065637287
0.0061731217
0.005773264
0.005366732
0.004952278
0.004530812
0.0041026203
0.0036681758
0.0032277922
0.0027814808
0.0023295314
0.0018723025
0.0014111203
0.0009446327
0.00047416604
-1.0691583e-06
-0.0004799179
-0.0009625587
-0.0014486264
-0.001938374
-0.0024302886
-0.0029255364
-0.0034235169
-0.003924103
-0.0044269534
-0.0049325936
-0.005439851
-0.0059492127
-0.006460762
-0.006973764
-0.007488516
-0.00800522
-0.008522709
-0.009042087
-0.009562883
-0.010084774
-0.0106077455
-0.011131729
-0.01165704
-0.012183532
-0.012710724
-0.0132385185
-0.013767091
-0.014297132
-0.014826757
-0.015357503
-0.015888788
-0.016420111
0.033259332
0.034446623
0.035349157
0.036031727
0.03654134
0.036910545
0.037166595
0.03732901
0.03741216
0.037428956
0.03738984
0.037300866
0.037170373
0.037003692
0.03680414
0.036578707
0.036327925
0.03605575
0.035764787
0.03545712
0.035134364
0.03479881
0.03444959
0.034089934
0.033719398
0.033339523
0.03294943
0.03255069
0.032143053
0.0317264
0.03130209
0.030868847
0.030427473
0.02997789
0.029520294
0.029054593
0.02858045
0.028098542
0.027608465
0.027110737
0.026605124
0.026092302
0.025571538
0.025043886
0.024509236
0.023967495
0.02341918
0.022864643
0.022303155
0.021735914
0.021163672
0.020585453
0.020002428
0.01941399
0.01882141
0.0182245
0.017623428
0.017018585
0.016410055
0.015798084
0.015183977
0.014566168
0.013946536
0.013323662
0.012699561
0.012073395
0.011445383
0.010816095
0.010185287
0.009553289
0.0089202905
0.008286788
0.0076527027
0.0070176045
0.0063824346
0.005746759
0.0051110983
0.004475157
0.0038395517
0.003203675
0.002568362
0.0019331326
0.0012983113
0.00066367147
2.9895455e-05
-0.0006036198
-0.0012366578
-0.0018695608
-0.0025011287
-0.0031319715
-0.0037626442
-0.0043922523
-0.0050210264
-0.005649056
-0.006276126
-0.0069023124
-0.007527827
-0.008152143
-0.008775582
-0.009397588
0.06475835
0.06531039
0.06560028
0.06569263
0.06563283
0.06545497
0.06518269
0.06483445
0.06442474
0.0639637
0.06346044
0.06292225
0.062353857
0.061760213
0.061145894
0.06051336
0.05986631
0.059206318
0.058536623
0.05785813
0.057171933
0.056479502
0.055782095
0.055079833
0.05437386
0.053664684
0.052952237
0.052236497
0.051517688
0.05079708
0.050072867
0.04934629
0.04861645
0.04788385
0.047148317
0.046409905
0.04566814
0.044923116
0.04417516
0.043424036
0.042669386
0.041912213
0.04115155
0.040388346
0.03962184
0.038852904
0.03808125
0.037306868
0.036530595
0.035751987
0.03497165
0.034189157
0.033405405
0.03262016
0.031834044
0.031046484
0.030258292
0.029469972
0.02868092
0.027891746
0.027102673
0.026313733
0.0255257
0.024737576
0.023950497
0.023164272
0.02237897
0.021594997
0.02081204
0.020031061
0.01925097
0.018473024
0.017696792
0.016922385
0.016149705
0.0153792845
0.014610543
0.013844133
0.013080258
0.0123182405
0.011558684
0.010800951
0.010046277
0.00929366
0.008543382
0.0077956114
0.0070500844
0.006307022
0.0055669006
0.0048288507
0.0040935157
0.0033604188
0.0026298324
0.0019018699
0.0011760809
0.0004532709
-0.0002668202
-0.0009850819
-0.0017001648
-0.0024130929
0.09629954
0.096202195
0.0958668
0.095358536
0.094721794
0.09398881
0.093183205
0.092319965
0.09141279
0.09047144
0.08950292
0.08851192
0.08750363
0.086483374
0.085451566
0.08441249
0.08336881
0.08232082
0.081271395
0.080220334
0.07917057
0.07812157
0.077074684
0.07602972
0.07498833
0.07394917
0.072913826
0.07188135
0.07085175
0.06982498
0.068801455
0.06778087
0.06676262
0.065746136
0.06473279
0.063721724
0.0627117
0.061703444
0.060697485
0.0596924
0.058688905
0.05768686
0.05668641
0.05568704
0.054688703
0.053692438
0.0526976
0.051703673
0.05071164
0.049721573
0.048732966
0.04774635
0.046762213
0.045779154
0.044799443
0.043821502
0.04284674
0.04187408
0.040904578
0.039938126
0.038974628
0.038014267
0.03705735
0.03610407
0.03515435
0.034208294
0.033265762
0.032326985
0.03139231
0.030461507
0.029535256
0.028612344
0.027694525
0.026780177
0.025870332
0.024964875
0.024063742
0.023166886
0.022274356
0.021386426
0.020502511
0.0196232
0.018747972
0.017877314
0.017011315
0.016149206
0.015291735
0.014438625
0.013589434
0.012745088
0.011904441
0.011068268
0.01023608
0.009408587
0.008584344
0.007765099
0.006949819
0.006138441
0.0053311526
0.004528387
0.127845
0.12708306
0.12611187
0.12499409
0.12377324
0.1224796
0.12113566
0.119754896
0.11834848
0.11692489
0.115487985
0.11404409
0.112595744
0.11114629
0.10969721
0.108251736
0.106809765
0.105373874
0.10394377
0.10252169
0.101107664
0.09970219
0.098306
0.096919015
0.09554155
0.09417325
0.09281459
0.091465086
0.09012476
0.08879313
0.08747004
0.08615527
0.08484846
0.083549306
0.0822575
0.08097327
0.07969549
0.078424506
0.0771599
0.07590122
0.074648544
0.07340228
0.072161146
0.0709259
0.06969649
0.06847267
0.067254215
0.06604106
0.06483357
0.06363193
0.062435318
0.061244663
0.060059633
0.058880318
0.0577063
0.0565384
0.0553768
0.054220688
0.053070527
0.051926594
0.05078947
0.04965789
0.048532724
0.047413647
0.04630132
0.045195043
0.044095982
0.043003008
0.04191649
0.040836368
0.03976321
0.038696352
0.037636667
0.036583368
0.035536066
0.034496002
0.03346242
0.032435384
0.031414606
0.030400684
0.029393135
0.02839198
0.02739737
0.026408851
0.025426764
0.02445135
0.023481833
0.022518119
0.021560654
0.020609673
0.019664444
0.01872511
0.017792137
0.016864303
0.01594287
0.015026901
0.014116817
0.0132128745
0.012314073
0.01142105
0.1593521
0.15791492
0.15629767
0.1545632
0.15275255
0.15089557
0.14900905
0.14710802
0.14520003
0.14329246
0.14138743
0.13949
0.13760146
0.13572352
0.13385761
0.13200456
0.1301657
0.12834185
0.12653254
0.124739274
0.1229618
0.121200725
0.11945541
0.11772671
0.116013534
0.114316925
0.11263541
0.11096926
0.10931845
0.107682414
0.10605988
0.10445158
0.10285666
0.10127499
0.09970555
0.098148175
0.09660347
0.09506955
0.09354653
0.09203466
0.09053376
0.08904285
0.08756232
0.08609156
0.08463096
0.08317948
0.081738025
0.080306195
0.07888354
0.07747063
0.07606617
0.074671745
0.07328646
0.071910344
0.0705438
0.0691858
0.06783751
0.066497676
0.065168165
0.06384723
0.062535554
0.06123319
0.059940197
0.05865633
0.05738162
0.05611644
0.054860488
0.05361316
0.05237561
0.051146865
0.049927164
0.048716575
0.04751559
0.04632285
0.045139447
0.04396486
0.04279881
0.041642085
0.040493973
0.039354127
0.038223565
0.037100796
0.035986405
0.034880735
0.033783175
0.032693554
0.031612627
0.030539395
0.02947416
0.028416835
0.027367307
0.026325488
0.025291365
0.02426479
0.023245553
0.022233728
0.02122963
0.020232333
0.019242601
0.018260013
0.19078094
0.18865724
0.18638657
0.18402937
0.18162526
0.1792002
0.17677157
0.17434837
0.17193897
0.16954625
0.16717368
0.16482303
0.16249454
0.16018926
0.1579068
0.15564816
0.15341309
0.15120211
0.1490146
0.14685117
0.1447113
0.1425948
0.14050175
0.13843182
0.13638489
0.13436015
0.13235702
0.13037534
0.1284147
0.1264745
0.124554045
0.122652896
0.1207708
0.118906565
0.117060006
0.115230635
0.11341868
0.11162255
0.10984227
0.1080783
0.106329
0.10459455
0.10287487
0.10116958
0.099477775
0.097800545
0.09613643
0.09448629
0.09284901
0.09122469
0.08961399
0.08801589
0.08643093
0.08485854
0.08329874
0.08175182
0.08021732
0.0786956
0.07718615
0.075688675
0.07420361
0.07273144
0.071270615
0.06982214
0.06838568
0.06696177
0.06554952
0.06414899
0.06276034
0.06138341
0.06001802
0.05866427
0.057322167
0.05599107
0.05467146
0.053363085
0.052065894
0.05077923
0.049503747
0.048239343
0.04698499
0.045741595
0.04450844
0.04328583
0.042073455
0.040871296
0.039679054
0.038495876
0.037323408
0.03616051
0.035007384
0.03386311
0.032728963
0.03160343
0.030487064
0.029379698
0.028281769
0.027192647
0.026111756
0.025040464
0.22208838
0.21926945
0.21633941
0.21335536
0.21035528
0.20736217
0.20438881
0.20144452
0.19853404
0.1956585
0.1928187
0.19001624
0.18724887
0.18451731
0.18182059
0.17915744
0.1765279
0.17393136
0.17136729
0.1688345
0.16633378
0.16386396
0.16142446
0.15901507
0.15663421
0.15428269
0.15195951
0.1496635
0.1473943
0.1451511
0.14293332
0.14074053
0.13857193
0.13642655
0.1343047
0.13220477
0.13012607
0.12806873
0.12603243
0.12401609
0.12201986
0.12004254
0.11808451
0.11614494
0.114223756
0.11232075
0.11043488
0.10856669
0.1067158
0.104881994
0.103064895
0.10126425
0.09948014
0.09771261
0.09596112
0.09422538
0.09250574
0.09080197
0.08911368
0.08744079
0.0857832
0.08414067
0.082513966
0.0809015
0.07930432
0.07772175
0.076154195
0.07460123
0.07306217
0.07153774
0.07002716
0.06853085
0.067048386
0.06557971
0.06412451
0.06268291
0.06125451
0.05983928
0.05843731
0.0570481
0.0556718
0.054307763
0.052956782
0.051617503
0.050290845
0.048975926
0.04767316
0.046382267
0.045102384
0.043834336
0.04257737
0.041332252
0.040097658
0.03887409
0.03766126
0.036459304
0.035267718
0.03408693
0.032916076
0.031756047
0.25322914
0.24970931
0.2461159
0.24250439
0.23890734
0.23534505
0.23183006
0.22836576
0.22495537
0.22159883
0.21829467
0.21504238
0.21183884
0.20868307
0.20557363
0.20250842
0.19948594
0.19650628
0.1935674
0.19066808
0.18780786
0.18498597
0.18220147
0.17945452
0.17674258
0.17406589
0.17142378
0.1688148
0.1662384
0.163694
0.16118053
0.15869738
0.15624364
0.15381902
0.15142211
0.14905243
0.14670943
0.14439228
0.14210026
0.1398336
0.13759091
0.13537219
0.13317673
0.13100421
0.12885424
0.12672652
0.12462031
0.12253551
0.120472066
0.1184293
0.11640686
0.114404984
0.11242332
0.11046094
0.10851838
0.10659527
0.10469096
0.10280622
0.100940034
0.09909233
0.09726283
0.09545217
0.09365929
0.091884606
0.09012729
0.0883874
0.08666482
0.08495967
0.08327181
0.08160007
0.07994553
0.078307465
0.0766856
0.075079784
0.073490106
0.071915664
0.070357315
0.06881418
0.06728634
0.06577352
0.06427547
0.06279203
0.061323214
0.059869
0.0584283
0.05700185
0.055588957
0.054189842
0.0528044
0.051431615
0.05007234
0.04872588
0.04739219
0.046071343
0.044762816
0.043466333
0.04218228
0.040910307
0.03965042
0.038402386
0.28416148
0.27993625
0.27567792
0.27143764
0.26724544
0.2631172
0.25906157
0.25508052
0.251174
0.24733905
0.24357322
0.23987415
0.23623744
0.23266064
0.2291412
0.2256765
0.22226465
0.21890351
0.21559207
0.21232855
0.20911178
0.20594047
0.20281342
0.19973002
0.19668923
0.1936894
0.19073041
0.18781048
0.18492913
0.18208519
0.17927796
0.17650574
0.1737686
0.17106582
0.16839565
0.16575775
0.16315138
0.16057615
0.15803076
0.15551457
0.15302779
0.15056856
0.14813755
0.14573325
0.1433557
0.14100489
0.13867927
0.1363793
0.13410404
0.1318537
0.12962736
0.1274251
0.1252464
0.12309108
0.12095892
0.11884935
0.11676212
0.11469713
0.11265407
0.110632814
0.10863357
0.10665459
0.104697056
0.10276019
0.10084396
0.09894813
0.09707208
0.095215924
0.09337939
0.09156245
0.0897645
0.08798533
0.08622541
0.0844833
0.082760036
0.08105428
0.07936619
0.077696346
0.07604346
0.07440796
0.072788924
0.07118691
0.069601335
0.068032056
0.0664791
0.064941555
0.063419625
0.061913606
0.060422525
0.058946494
0.057485294
0.056038905
0.054606795
0.05318899
0.05178538
0.05039556
0.049019527
0.04765747
0.0463084
0.044973258
0.3148394
0.30990738
0.30498505
0.30011898
0.29533425
0.29064396
0.28605232
0.28155857
0.2771602
0.27285105
0.26862824
0.26448593
0.26041943
0.2564255
0.25249916
0.24863811
0.24483979
0.241101
0.23741992
0.23379469
0.23022415
0.22670577
0.2232392
0.21982221
0.21645497
0.21313438
0.20986041
0.20663185
0.20344737
0.20030586
0.19720653
0.19414851
0.19113016
0.1881508
0.18520914
0.18230543
0.17943813
0.1766059
0.17380841
0.17104526
0.16831486
0.1656174
0.16295223
0.16031764
0.15771478
0.15514177
0.15259835
0.15008442
0.1475998
0.14514284
0.14271414
0.14031306
0.13793923
0.13559209
0.13327119
0.13097653
0.1287076
0.12646405
0.12424537
0.12205208
0.11988337
0.11773823
0.11561747
0.11351999
0.111445546
0.10939466
0.107366554
0.10536095
0.10337709
0.10141542
0.09947509
0.09755646
0.09565863
0.09378196
0.0919255
0.09008967
0.08827394
0.086477585
0.08470071
0.08294335
0.08120512
0.07948569
0.07778416
0.07610111
0.07443618
0.07278901
0.07115908
0.069546334
0.067951046
0.06637245
0.064809985
0.06326454
0.06173472
0.060221445
0.05872387
0.05724125
0.055774633
0.054322913
0.052886188
0.05146396
0.34521902
0.33958107
0.33399844
0.32851073
0.32313982
0.31789207
0.3127701
0.30776924
0.3028838
0.2981066
0.29343086
0.28885093
0.2843598
0.27995196
0.27562398
0.27137047
0.2671882
0.26307574
0.25902826
0.25504518
0.25112328
0.24726203
0.24345809
0.23971109
0.23601866
0.23238102
0.22879499
0.22525991
0.22177534
0.21833871
0.2149503
0.21160753
0.20831083
0.20505731
0.20184703
0.1986789
0.19555211
0.19246541
0.18941785
0.18640934
0.18343836
0.18050408
0.17760637
0.17474404
0.17191698
0.16912398
0.16636477
0.16363876
0.16094549
0.1582845
0.15565489
0.1530562
0.15048905
0.14795133
0.14544381
0.14296542
0.14051627
0.13809572
0.1357039
0.13333951
0.1310024
0.12869292
0.1264098
0.12415316
0.121922605
0.11971826
0.11753875
0.11538437
0.11325488
0.11114997
0.109069034
0.10701167
0.10497812
0.10296755
0.100979805
0.09901487
0.097071566
0.09515081
0.09325113
0.09137303
0.08951651
0.08767999
0.085864134
0.084068544
0.082293175
0.08053701
0.07879981
0.077082194
0.075383574
0.07370296
0.07204085
0.07039745
0.06877126
0.067162685
0.065571755
0.063997515
0.06244086
0.060900543
0.059377473
0.057869904
0.3752562
0.36891574
0.3626779
0.3565757
0.35062468
0.34482843
0.3391833
0.33368254
0.32831666
0.32307726
0.3179557
0.31294242
0.30803165
0.30321625
0.29849008
0.293849
0.2892888
0.2848052
0.2803959
0.27605793
0.27178907
0.26758704
0.2634496
0.25937542
0.25536272
0.2514094
0.24751492
0.24367702
0.23989494
0.23616621
0.23249076
0.22886649
0.2252927
0.2217686
0.2182917
0.21486215
0.2114784
0.2081392
0.2048444
0.20159264
0.19838254
0.19521359
0.19208625
0.1889981
0.18594888
0.1829385
0.17996523
0.17702894
0.17412929
0.17126574
0.16843735
0.16564347
0.16288407
0.16015789
0.15746547
0.15480578
0.15217772
0.14958224
0.14701737
0.14448383
0.14198096
0.13950755
0.13706432
0.13465019
0.13226488
0.12990828
0.12757961
0.12527815
0.12300432
0.12075761
0.11853739
0.116343
0.1141746
0.112031676
0.10991389
0.10782113
0.10575255
0.10370813
0.10168685
0.099689566
0.09771532
0.09576391
0.09383455
0.09192775
0.09004254
0.08817898
0.08633583
0.08451469
0.08271343
0.0809324
0.079171605
0.07743089
0.07570953
0.07400729
0.07232432
0.07065926
0.0690138
0.06738589
0.065776505
0.06418478
0.40490523
0.39786988
0.39098495
0.38427696
0.377756
0.37141937
0.36526015
0.35926798
0.3534299
0.34773582
0.34217438
0.33673602
0.33141112
0.326193
0.32107484
0.31605077
0.31111592
0.30626693
0.3015004
0.2968119
0.29219997
0.28766116
0.28319415
0.2787963
0.27446604
0.27020213
0.26600194
0.26186377
0.257787
0.25377005
0.24981028
0.24590805
0.2420613
0.23826785
0.23452775
0.23083912
0.22720142
0.22361274
0.22007291
0.21658029
0.21313414
0.20973386
0.20637813
0.20306593
0.19979756
0.196571
0.1933862
0.19024257
0.18713883
0.18407421
0.18104908
0.17806184
0.1751128
0.17220034
0.16932467
0.16648474
0.16368097
0.16091166
0.15817656
0.15547556
0.15280838
0.15017365
0.14757189
0.14500158
0.14246306
0.13995604
0.13747959
0.1350332
0.13261668
0.1302292
0.12787113
0.12554161
0.123240046
0.12096644
0.11872043
0.116500646
0.11430792
0.11214123
0.110000744
0.107885316
0.105795324
0.10372972
0.10168884
0.09967141
0.097678095
0.09570793
0.093760975
0.0918368
0.08993414
0.08805453
0.08619602
0.084359765
0.08254377
0.08074927
0.07897476
0.07722122
0.07548743
0.073773555
0.07207887
0.07040383
0.43412465
0.42640245
0.41888133
0.41157964
0.40449908
0.39763343
0.3909705
0.3844961
0.3781953
0.3720551
0.3660619
0.36020455
0.35447276
0.34885857
0.34335348
0.33795267
0.3326498
0.32744002
0.3223199
0.3172855
0.31233498
0.30746412
0.30267155
0.29795444
0.29331103
0.28873938
0.28423697
0.2798032
0.27543595
0.2711327
0.26689282
0.26271558
0.25859806
0.25453973
0.2505393
0.24659471
0.24270563
0.23887059
0.23508833
0.23135811
0.22767854
0.22404897
0.22046763
0.21693504
0.21344903
0.21000966
0.20661558
0.20326628
0.19996077
0.19669844
0.19347826
0.19030094
0.18716396
0.1840674
0.18101038
0.17799316
0.17501473
0.17207381
0.169171
0.16630453
0.16347481
0.16068079
0.15792216
0.15519804
0.15250853
0.14985274
0.14722987
0.14463994
0.14208303
0.1395572
0.13706295
0.1345995
0.13216668
0.1297639
0.12739055
0.12504683
0.12273136
0.120444275
0.118184894
0.11595355
0.113748774
0.11157098
0.10941906
0.107292995
0.105193324
0.10311823
0.10106812
0.099042386
0.09704073
0.09506284
0.093108624
0.09117711
0.08926884
0.087383084
0.08551877
0.083676934
0.081856646
0.080057636
0.07827935
0.076522425
0.46287066
0.4544742
0.44633034
0.43844706
0.43082064
0.42343882
0.41628337
0.4093385
0.402585
0.39600798
0.38959143
0.38332382
0.3771921
0.37118846
0.36530444
0.35953197
0.353866
0.34830165
0.34283394
0.3374589
0.33217412
0.32697633
0.32186225
0.31683004
0.3118775
0.30700296
0.30220297
0.29747686
0.29282206
0.28823766
0.2837218
0.27927214
0.27488822
0.27056804
0.26631027
0.26211345
0.25797644
0.25389785
0.2498765
0.24591134
0.24200115
0.2381453
0.23434184
0.23059131
0.22689115
0.22324142
0.21964058
0.21608837
0.21258375
0.20912604
0.20571415
0.20234804
0.1990257
0.19574726
0.19251214
0.18931988
0.1861692
0.18305936
0.17998996
0.17696036
0.17397065
0.17101929
0.168106
0.16523
0.16239142
0.15958881
0.15682214
0.15409069
0.15139438
0.14873202
0.1461038
0.14350852
0.14094628
0.13841592
0.13591766
0.1334506
0.13101448
0.12860844
0.12623258
0.123886295
0.12156887
0.11927993
0.11701959
0.11478698
0.11258179
0.110403135
0.10825135
0.10612596
0.10402602
0.10195179
0.099902906
0.0978786
0.09587882
0.09390246
0.09195066
0.09002172
0.088115945
0.086233385
0.08437288
0.0825348
0.49110112
0.48204574
0.4732946
0.4648461
0.45668903
0.44880414
0.44117054
0.43376622
0.42657205
0.41956797
0.4127381
0.40606812
0.39954606
0.3931603
0.38690314
0.3807671
0.37474397
0.3688305
0.3630207
0.35731053
0.3516971
0.34617713
0.34074727
0.3354048
0.33014765
0.3249742
0.3198808
0.3148666
0.30992958
0.30506757
0.3002789
0.295562
0.29091534
0.28633666
0.28182548
0.27737963
0.2729984
0.26868007
0.26442266
0.26022646
0.25608927
0.25201014
0.24798772
0.24402192
0.24011041
0.23625313
0.23244885
0.22869702
0.22499608
0.22134532
0.21774453
0.21419196
0.2106879
0.20723017
0.2038194
0.20045374
0.1971332
0.19385716
0.1906241
0.18743394
0.18428631
0.18117946
0.17811388
0.17508869
0.172103
0.16915597
0.16624731
0.16337658
0.16054344
0.15774657
0.15498589
0.1522609
0.14957099
0.14691544
0.14429377
0.14170521
0.13915032
0.1366278
0.13413651
0.1316771
0.12924889
0.12685111
0.12448359
0.122145414
0.11983634
0.11755672
0.11530459
0.11308118
0.11088456
0.10871595
0.106573544
0.10445768
0.10236762
0.100303024
0.09826418
0.09625015
0.094260745
0.09229577
0.090354376
0.088437
0.5187742
0.50907844
0.49973857
0.49074322
0.48207173
0.47369996
0.465602
0.45775267
0.4501292
0.44270962
0.43547627
0.4284143
0.4215096
0.41475067
0.40812823
0.40163454
0.39526233
0.3890056
0.38286012
0.37682092
0.37088442
0.36504722
0.35930672
0.35365945
0.348103
0.34263512
0.33725393
0.33195642
0.32674083
0.32160604
0.31654862
0.31156868
0.3066626
0.30183056
0.29707006
0.29237917
0.28775725
0.2832023
0.2787133
0.2742887
0.26992837
0.2656293
0.2613918
0.2572134
0.2530946
0.24903333
0.24502853
0.2410797
0.23718576
0.23334536
0.22955787
0.22582276
0.22213848
0.2185047
0.2149206
0.21138535
0.20789796
0.2044572
0.20106356
0.1977153
0.19441201
0.19115286
0.18793713
0.18476465
0.18163404
0.17854509
0.17549728
0.17248976
0.16952126
0.16659202
0.16370142
0.16084863
0.15803327
0.15525386
0.15251122
0.14980377
0.14713167
0.14449397
0.14189005
0.13931955
0.13678226
0.13427733
0.13180412
0.12936266
0.12695171
0.124572136
0.12222203
0.11990166
0.11761065
0.11534857
0.11311493
0.11090859
0.10873068
0.10657903
0.10445509
0.1023573
0.10028558
0.09823945
0.096218824
0.09422314
0.5458495
0.5355346
0.5256273
0.51610446
0.5069384
0.49809736
0.48955107
0.48127064
0.4732305
0.46540812
0.45778266
0.45033848
0.44306013
0.4359365
0.4289567
0.4221137
0.4153986
0.4088061
0.4023316
0.39596957
0.38971618
0.38356835
0.37752232
0.3715755
0.36572558
0.35996884
0.35430384
0.34872806
0.34323937
0.33783603
0.33251557
0.3272761
0.32211635
0.31703436
0.31202802
0.30709678
0.3022379
0.2974512
0.29273424
0.288086
0.28350532
0.27899012
0.2745403
0.2701543
0.26583093
0.26156855
0.25736713
0.2532245
0.24914092
0.2451138
0.24114315
0.23722845
0.23336793
0.22956079
0.22580634
0.2221036
0.21845211
0.21485053
0.21129856
0.2077946
0.20433846
0.20092943
0.19756676
0.19424906
0.19097665
0.18774827
0.1845632
0.18142045
0.17832004
0.17526089
0.17224208
0.16926385
0.16632487
0.1634248
0.16056326
0.15773882
0.15495165
0.15220086
0.14948633
0.1468066
0.14416209
0.14155172
0.13897549
0.13643225
0.133922
0.13144359
0.12899747
0.12658255
0.124198295
0.12184459
0.11952112
0.11722687
0.114962
0.11272585
0.110517815
0.10833762
0.10618513
0.10405991
0.10196135
0.099889256
0.5722879
0.5613787
0.5509284
0.5409012
0.5312598
0.5219677
0.5129905
0.5042939
0.495852
0.4876383
0.47963274
0.47181612
0.46417454
0.45669544
0.4493676
0.44218266
0.43513286
0.42821187
0.42141515
0.41473684
0.40817335
0.40172055
0.39537573
0.38913512
0.38299614
0.37695718
0.37101358
0.36516553
0.3594082
0.3537413
0.34816232
0.34266892
0.33725965
0.33193266
0.32668555
0.32151783
0.3164272
0.3114122
0.30647135
0.3016032
0.29680678
0.29207996
0.28742203
0.2828315
0.2783073
0.27384815
0.26945317
0.26512083
0.26085055
0.25664043
0.25249028
0.24839856
0.2443646
0.24038763
0.23646621
0.23259948
0.22878653
0.22502664
0.22131881
0.21766306
0.21405677
0.21050075
0.2069933
0.20353389
0.20012213
0.19675632
0.19343677
0.19016205
0.18693177
0.18374503
0.18060127
0.17749988
0.17443971
0.17142083
0.16844214
0.16550292
0.16260327
0.15974171
0.15691817
0.15413217
0.1513822
0.14866889
0.14599095
0.14334835
0.14074013
0.13816576
0.13562508
0.13311718
0.1306418
0.12819877
0.12578723
0.12340667
0.121056914
0.118737236
0.116447344
0.11418685
0.1119552
0.109752364
0.10757744
0.10543095
0.5980521
0.58657616
0.5756083
0.56510097
0.5550072
0.54528415
0.53589386
0.52679825
0.5179688
0.5093777
0.5010033
0.49282616
0.4848318
0.47700658
0.4693391
0.46182117
0.45444444
0.44720295
0.4400909
0.43310338
0.4262364
0.4194857
0.41284838
0.40632045
0.39989936
0.39358267
0.38736737
0.38125125
0.37523198
0.36930674
0.3634743
0.35773203
0.35207817
0.34651074
0.3410282
0.33562866
0.33031034
0.32507178
0.31991136
0.3148278
0.3098194
0.30488548
0.30002332
0.29523242
0.29051164
0.2858596
0.28127488
0.27675664
0.27230328
0.26791376
0.26358762
0.2593231
0.25511914
0.25097507
0.24688965
0.24286243
0.23889148
0.23497733
0.23111705
0.22731116
0.22355825
0.21985807
0.2162088
0.21261041
0.20906168
0.20556171
0.20211035
0.19870628
0.19534852
0.19203666
0.18877013
0.185548
0.18236986
0.1792344
0.17614146
0.17309003
0.17007993
0.16710973
0.1641799
0.16128884
0.15843627
0.15562226
0.15284508
0.15010479
0.14740068
0.14473219
0.14209895
0.13950042
0.13693589
0.13440521
0.13190779
0.1294424
0.12700984
0.12460849
0.12223866
0.119899586
0.11759086
0.11531207
0.11306256
0.110842854
0.62310374
0.6110935
0.5996379
0.5886762
0.57815397
0.5680218
0.55823624
0.54875904
0.5395569
0.5306029
0.5218723
0.5133467
0.5050097
0.49684814
0.48885044
0.48100853
0.47331354
0.46575943
0.4583403
0.45105088
0.4438877
0.43684596
0.42992255
0.4231139
0.4164171
0.4098292
0.4033483
0.3969702
0.3906938
0.3845162
0.37843558
0.37244982
0.36655712
0.36075446
0.3550411
0.34941497
0.34387428
0.33841696
0.3330417
0.32774732
0.32253146
0.31739426
0.31233227
0.30734602
0.30243248
0.2975914
0.29282138
0.2881205
0.28348833
0.27892372
0.27442446
0.2699906
0.26562074
0.26131374
0.2570681
0.25288337
0.24875797
0.24469171
0.24068257
0.23673046
0.2328339
0.2289923
0.22520453
0.22147015
0.2177877
0.21415661
0.2105758
0.20704475
0.2035631
0.200129
0.19674256
0.19340253
0.19010791
0.18685877
0.1836539
0.18049292
0.17737447
0.17429855
0.17126471
0.16827126
0.16531828
0.16240543
0.15953101
0.15669572
0.15389805
0.15113752
0.14841448
0.14572689
0.14307563
0.1404592
0.13787733
0.13533
0.13281603
0.13033532
0.12788747
0.12547128
0.123087116
0.1207345
0.11841272
0.11612082
0.64741015
0.6348984
0.6229869
0.61160004
0.6006739
0.5901554
0.5799951
0.5701535
0.5605949
0.55129135
0.54221797
0.53335565
0.5246876
0.51620024
0.5078821
0.49972537
0.49172097
0.48386195
0.4761442
0.46856117
0.46110886
0.45378363
0.4465809
0.4394985
0.43253285
0.42568043
0.41893896
0.41230595
0.40577868
0.39935514
0.39303225
0.38680828
0.3806813
0.37464967
0.36871082
0.362863
0.35710457
0.35143372
0.34584892
0.34034863
0.33493078
0.32959434
0.32433784
0.3191593
0.3140583
0.30903235
0.30408084
0.29920226
0.29439512
0.28965896
0.2849913
0.28039256
0.27586034
0.2713934
0.26699123
0.2626528
0.25837693
0.25416157
0.2500073
0.24591194
0.24187529
0.23789585
0.23397249
0.23010485
0.22629215
0.22253267
0.21882586
0.21517156
0.21156803
0.2080145
0.20451035
0.20105517
0.19764777
0.19428705
0.19097336
0.18770479
0.18448168
0.18130212
0.17816608
0.17507312
0.1720217
0.16901241
0.16604361
0.16311549
0.1602267
0.15737653
0.15456508
0.15179136
0.14905491
0.14635533
0.1436917
0.14106373
0.13847062
0.13591242
0.13338812
0.13089772
0.12844016
0.12601484
0.12362226
0.12126129
0.67093766
0.65796256
0.6456286
0.63384646
0.62254363
0.6116616
0.6011475
0.59095955
0.5810611
0.57142264
0.56202006
0.5528329
0.5438449
0.5350423
0.5264147
0.5179521
0.5096476
0.5014933
0.49348456
0.48561615
0.47788286
0.4702811
0.4628075
0.4554583
0.44823042
0.44112012
0.43412536
0.42724356
0.42047188
0.41380712
0.4072487
0.40079287
0.39443856
0.38818222
0.38202336
0.37595958
0.3699889
0.3641097
0.3583205
0.352619
0.34700415
0.34147394
0.33602688
0.33066174
0.325377
0.3201713
0.3150432
0.30999067
0.30501366
0.30010986
0.29527834
0.29051772
0.28582704
0.28120443
0.27665007
0.27216145
0.26773813
0.2633786
0.25908232
0.25484738
0.25067365
0.24655984
0.24250457
0.2385074
0.23456687
0.23068264
0.226853
0.22307746
0.21935546
0.21568537
0.2120676
0.2084997
0.20498219
0.20151322
0.19809309
0.19471994
0.19139378
0.18811356
0.1848786
0.1816882
0.17854175
0.17543831
0.17237763
0.16935875
0.16638105
0.16344374
0.16054653
0.15768862
0.15486948
0.1520887
0.14934553
0.14663923
0.1439696
0.14133556
0.13873707
0.13617358
0.13364448
0.13114956
0.12868774
0.12625915
0.69365627
0.6802576
0.6675372
0.65539145
0.6437402
0.6325181
0.6216721
0.611156
0.6009352
0.59097695
0.5812585
0.5717594
0.56246275
0.55335635
0.54442877
0.5356707
0.527075
0.5186344
0.5103439
0.502198
0.49419197
0.48632225
0.47858477
0.4709761
0.46349284
0.45613268
0.4488914
0.4417674
0.4347578
0.42785966
0.42107096
0.4143893
0.40781307
0.4013392
0.3949661
0.3886922
0.38251507
0.37643296
0.37044424
0.36454728
0.3587395
0.3530211
0.34738895
0.34184176
0.33637848
0.3309972
0.32569706
0.32047603
0.3153326
0.310266
0.30527446
0.30035675
0.29551214
0.2907385
0.2860351
0.28140017
0.2768336
0.27233335
0.2678989
0.2635285
0.25922135
0.2549765
0.25079274
0.24666946
0.24260472
0.23859861
0.23464978
0.23075671
0.2269191
0.22313623
0.21940647
0.21572942
0.21210457
0.20853029
0.20500624
0.20153193
0.19810556
0.19472744
0.19139627
0.18811144
0.18487217
0.1816772
0.17852686
0.17542
0.17235576
0.16933367
0.16635317
0.16341355
0.16051422
0.15765478
0.15483361
0.1520514
0.14930697
0.14660019
0.14392948
0.14129554
0.13869709
0.13613386
0.13360523
0.13111071
0.71553844
0.70175874
0.68868935
0.67621326
0.66424143
0.65270543
0.641548
0.6307244
0.62019616
0.6099346
0.59991395
0.5901152
0.58052284
0.5711229
0.56190634
0.55286306
0.5439858
0.5352683
0.52670467
0.51829016
0.51001954
0.50189036
0.49389714
0.48603708
0.47830698
0.47070295
0.46322244
0.4558635
0.4486224
0.4414974
0.43448573
0.42758447
0.4207922
0.41410658
0.40752614
0.40104714
0.39466915
0.38838968
0.38220757
0.3761203
0.37012652
0.36422452
0.35841215
0.3526884
0.3470517
0.34150013
0.33603257
0.33064753
0.3253428
0.32011783
0.31497097
0.30990076
0.30490616
0.29998526
0.2951374
0.29036096
0.2856546
0.2810182
0.276449
0.27194673
0.26751038
0.26313835
0.25882939
0.25458336
0.25039822
0.24627407
0.24220844
0.2382018
0.23425199
0.23035887
0.22652112
0.22273813
0.21900895
0.21533224
0.21170771
0.20813458
0.2046116
0.20113806
0.19771326
0.19433637
0.1910067
0.18772379
0.18448652
0.1812943
0.17814597
0.175042
0.17198059
0.16896135
0.16598433
0.16304776
0.16015197
0.15729593
0.15447952
0.15170108
0.14896116
0.14625868
0.14359285
0.14096376
0.13837047
0.13581249
0.7365585
0.7224429
0.70906407
0.69629073
0.6840279
0.6722032
0.6607568
0.6496441
0.63882697
0.62827605
0.6179673
0.60788256
0.59800595
0.5883248
0.5788296
0.56951094
0.5603624
0.5513777
0.54255074
0.5338763
0.5253507
0.51696956
0.5087292
0.50062543
0.4926553
0.4848161
0.47710413
0.4695171
0.46205172
0.4547063
0.44747815
0.44036442
0.43336305
0.42647234
0.41968927
0.41301242
0.40643975
0.39996943
0.39359963
0.38732758
0.38115263
0.3750728
0.36908627
0.3631909
0.35738608
0.35166937
0.34603924
0.34049508
0.33503395
0.32965553
0.32435796
0.3191399
0.31399992
0.3089363
0.30394846
0.29903466
0.29419327
0.28942382
0.28472462
0.28009456
0.2755323
0.27103686
0.26660728
0.26224163
0.2579405
0.253701
0.249523
0.24540557
0.24134722
0.23734741
0.23340477
0.22951886
0.2256884
0.22191288
0.21819086
0.21452175
0.2109046
0.20733899
0.20382373
0.20035794
0.19694091
0.19357258
0.19025081
0.18697567
0.1837467
0.18056275
0.17742309
0.17432755
0.17127474
0.16826437
0.16529608
0.16236891
0.1594818
0.15663508
0.15382777
0.1510591
0.14832856
0.14563566
0.14297959
0.14035963
0.75669503
0.74229044
0.7286419
0.71560615
0.70308286
0.69099385
0.67928123
0.66789865
0.65680933
0.64598453
0.6354025
0.62504375
0.6148952
0.6049442
0.59518135
0.58559865
0.5761895
0.56694645
0.5578655
0.5489409
0.5401688
0.53154516
0.52306557
0.5147265
0.50652504
0.49845803
0.4905221
0.48271453
0.47503304
0.46747443
0.46003628
0.45271692
0.4455131
0.43842345
0.4314449
0.4245762
0.4178154
0.41115987
0.4046079
0.39815763
0.39180768
0.3855557
0.37939996
0.37333888
0.367371
0.3614944
0.3557078
0.35000935
0.34439707
0.3388701
0.3334263
0.32806554
0.32278427
0.3175833
0.31245968
0.30741274
0.30244115
0.29754314
0.2927178
0.28796363
0.2832801
0.2786655
0.27411842
0.2696381
0.26522353
0.2608731
0.2565863
0.25236157
0.24819799
0.24409497
0.24005152
0.23606606
0.23213737
0.22826618
0.22444987
0.22068806
0.21698037
0.21332537
0.20972255
0.20617107
0.20266992
0.19921778
0.1958147
0.19246045
0.1891528
0.18589161
0.18267669
0.17950723
0.17638186
0.17329997
0.17026137
0.16726553
0.16431095
0.1613977
0.15852502
0.15569265
0.15289922
0.15014485
0.14742872
0.14474986
0.77592814
0.7612834
0.7474066
0.734144
0.72138864
0.7090615
0.69710404
0.68547034
0.6741258
0.6630434
0.65220094
0.6415827
0.63117415
0.6209648
0.61094576
0.60110945
0.5914495
0.5819592
0.57263374
0.5634689
0.5544594
0.5456016
0.5368918
0.52832615
0.5199014
0.51161444
0.5034627
0.49544227
0.48755127
0.47978714
0.4721469
0.46462864
0.45722955
0.44994754
0.44278067
0.43572688
0.42878374
0.42194957
0.41522205
0.40859956
0.40208018
0.39566213
0.38934296
0.38312203
0.3769972
0.3709662
0.3650279
0.35918042
0.35342246
0.34775177
0.3421679
0.3366681
0.3312522
0.32591715
0.32066295
0.3154872
0.3103894
0.30536768
0.30042073
0.29554728
0.29074648
0.28601655
0.2813563
0.276765
0.27224115
0.26778403
0.2633915
0.25906348
0.25479895
0.25059608
0.2464543
0.24237289
0.23835039
0.23438616
0.23047905
0.22662835
0.22283281
0.219092
0.21540453
0.21177
0.20818743
0.20465581
0.2011747
0.19774303
0.19435966
0.19102487
0.18773723
0.18449616
0.18130033
0.17814997
0.17504385
0.17198154
0.16896208
0.16598494
0.16305001
0.16015601
0.15730247
0.15448847
0.15171398
0.14897823
0.7942423
0.7794082
0.7653445
0.75188935
0.7389312
0.7263907
0.7142098
0.7023451
0.69076204
0.67943615
0.6683485
0.6574825
0.6468268
0.6363709
0.6261077
0.6160285
0.6061282
0.596401
0.5868417
0.57744485
0.5682078
0.55912566
0.5501943
0.5414107
0.5327714
0.5242732
0.5159131
0.5076884
0.49959576
0.49163345
0.4837985
0.47608843
0.46850106
0.4610343
0.45368543
0.44645327
0.43933463
0.43232816
0.42543155
0.41864324
0.41196045
0.40538236
0.39890665
0.3925312
0.38625476
0.38007513
0.3739907
0.3680002
0.36210147
0.35629287
0.35057315
0.34494072
0.33939338
0.33393034
0.32855016
0.32325086
0.31803143
0.31289032
0.30782604
0.3028381
0.29792383
0.29308328
0.28831375
0.2836157
0.27898663
0.2744263
0.2699327
0.26550493
0.2611428
0.2568438
0.2526082
0.2484342
0.24432126
0.24026754
0.23627333
0.23233655
0.22845677
0.22463322
0.22086465
0.21715032
0.21348928
0.20988116
0.20632432
0.20281863
0.1993631
0.19595695
0.19259939
0.18928944
0.18602629
0.18281014
0.17963906
0.17651306
0.17343122
0.17039318
0.16739804
0.1644449
0.16153319
0.1586629
0.15583265
0.1530423
0.8116253
0.7966534
0.7824437
0.7688295
0.75569737
0.7429682
0.73058504
0.7185063
0.70670193
0.69514835
0.6838282
0.67272854
0.66183794
0.6511478
0.640651
0.6303404
0.6202109
0.6102567
0.6004734
0.5908556
0.5814007
0.5721027
0.5629595
0.5539668
0.54512143
0.5364201
0.5278604
0.51943886
0.511153
0.50300044
0.49497825
0.48708445
0.47931606
0.47167155
0.4641479
0.45674393
0.4494569
0.4422849
0.4352259
0.4282781
0.42143875
0.41470644
0.4080799
0.40155637
0.3951345
0.38881195
0.38258734
0.37645927
0.37042543
0.36448434
0.35863423
0.352874
0.34720087
0.34161493
0.33611354
0.33069557
0.32535923
0.32010347
0.31492686
0.3098281
0.30480546
0.2998581
0.29498446
0.2901836
0.28545326
0.28079394
0.27620342
0.27168027
0.267224
0.2628332
0.2585071
0.25424448
0.25004447
0.24590552
0.24182707
0.23780808
0.23384713
0.22994404
0.22609772
0.22230704
0.21857089
0.21488889
0.21126014
0.20768376
0.20415884
0.20068404
0.19725934
0.19388367
0.1905562
0.18727638
0.18404365
0.18085659
0.17771544
0.17461868
0.17156582
0.16855597
0.1655893
0.16266426
0.15978086
0.15693808
0.82806784
0.81301
0.798695
0.7849551
0.7716769
0.7587817
0.74621654
0.7339422
0.7219319
0.7101648
0.6986271
0.6873059
0.67619336
0.6652808
0.654562
0.64403135
0.6336836
0.6235134
0.61351603
0.60368735
0.5940238
0.5845206
0.5751747
0.5659818
0.556939
0.5480442
0.5392931
0.53068304
0.52221185
0.51387686
0.5056755
0.49760503
0.4896633
0.48184836
0.47415805
0.46658918
0.45914072
0.45181012
0.4445953
0.43749434
0.4305053
0.4236258
0.4168541
0.4101891
0.40362746
0.39716834
0.39080966
0.3845495
0.37838638
0.37231818
0.3663435
0.36046022
0.35466757
0.3489633
0.34334585
0.33781415
0.332366
0.3270006
0.32171646
0.31651145
0.3113851
0.3063355
0.30136195
0.29646227
0.2916358
0.2868816
0.2821975
0.27758312
0.2730373
0.26855835
0.26414555
0.2597981
0.2555144
0.25129378
0.24713491
0.24303713
0.23899922
0.23502
0.23109914
0.22723535
0.22342767
0.2196757
0.21597773
0.21233368
0.20874156
0.20520185
0.20171344
0.19827482
0.1948863
0.19154584
0.18825355
0.18500866
0.18180987
0.17865737
0.1755495
0.17248583
0.1694664
0.16648962
0.16355522
0.16066252
0.84356487
0.82847255
0.8140916
0.8002579
0.7868587
0.7738204
0.76109207
0.7486394
0.7364385
0.72447306
0.7127303
0.7012018
0.6898789
0.67875594
0.6678275
0.6570878
0.6465324
0.6361572
0.6259571
0.61592793
0.60606515
0.59636635
0.5868268
0.57744324
0.56821257
0.5591322
0.550199
0.5414093
0.53276104
0.524252
0.515879
0.5076403
0.49953344
0.49155527
0.4837051
0.47597876
0.46837667
0.4608943
0.4535307
0.44628382
0.4391514
0.43213102
0.42522168
0.41842026
0.4117258
0.40513602
0.3986491
0.39226297
0.3859762
0.3797866
0.37369284
0.3676926
0.36178496
0.35596794
0.3502401
0.3445994
0.3390447
0.3335748
0.3281876
0.32288158
0.31765586
0.3125089
0.30743948
0.30244625
0.2975274
0.2926826
0.28790984
0.28320837
0.2785766
0.27401385
0.2695188
0.26508996
0.26072675
0.25642815
0.25219283
0.24801983
0.24390799
0.2398567
0.235865
0.2319312
0.22805563
0.22423624
0.22047226
0.21676342
0.21310876
0.2095066
0.20595703
0.20245913
0.19901165
0.19561383
0.19226539
0.188965
0.18571225
0.18250634
0.17934616
0.17623161
0.17316152
0.1701357
0.16715294
0.1642127
0.85811394
0.84303826
0.82862943
0.8147304
0.8012353
0.78807396
0.77520084
0.7625859
0.7502101
0.73805994
0.72612625
0.7144022
0.70288193
0.691561
0.6804342
0.6694972
0.6587462
0.6481764
0.63778335
0.6275635
0.6175131
0.6076279
0.5979049
0.58834004
0.5789314
0.5696745
0.560567
0.5516065
0.5427898
0.53411484
0.5255791
0.5171801
0.5089151
0.50078267
0.49277952
0.48490432
0.4771545
0.4695284
0.46202305
0.4546368
0.44736803
0.44021356
0.43317273
0.42624247
0.41942134
0.41270682
0.4060977
0.39959192
0.3931878
0.38688242
0.38067508
0.37456426
0.36854702
0.36262274
0.35678938
0.35104546
0.3453894
0.33981925
0.33433396
0.32893214
0.32361206
0.31837252
0.31321216
0.30812982
0.30312306
0.298192
0.2933348
0.2885501
0.28383735
0.27919468
0.27462095
0.27011526
0.2656768
0.26130387
0.25699562
0.25275126
0.24856931
0.24444978
0.24039
0.23639043
0.2324499
0.22856693
0.22474054
0.22097078
0.21725562
0.21359488
0.2099876
0.20643282
0.20292953
0.19947758
0.19607568
0.19272263
0.18941835
0.18616194
0.18295297
0.17978953
0.17667203
0.17359933
0.1705703
0.16758515
0.87171704
0.8567061
0.8423044
0.82836854
0.8147993
0.801534
0.7885326
0.7757711
0.7632343
0.7509133
0.7388017
0.72689545
0.71519023
0.7036832
0.6923701
0.68124735
0.6703111
0.6595577
0.64898336
0.6385839
0.6283552
0.6182944
0.6083974
0.5986611
0.58908284
0.5796591
0.5703874
0.56126463
0.55228823
0.54345626
0.5347656
0.5262143
0.5177999
0.5095201
0.50137293
0.4933557
0.4854667
0.47770333
0.47006375
0.46254566
0.4551475
0.44786614
0.44070014
0.4336475
0.42670605
0.4198737
0.41314888
0.4065293
0.40001324
0.39359868
0.38728398
0.38106728
0.37494653
0.36892065
0.36298737
0.3571451
0.35139287
0.34572864
0.34015054
0.33465767
0.32924786
0.3239208
0.31867403
0.3135064
0.30841726
0.30340466
0.29846758
0.29360422
0.28881392
0.28409576
0.27944785
0.27486917
0.27035892
0.26591575
0.26153907
0.25722688
0.252979
0.24879396
0.24467099
0.24060887
0.23660637
0.23266359
0.22877866
0.22495057
0.22117886
0.21746247
0.21380082
0.21019252
0.20663689
0.20313327
0.19968084
0.19627848
0.19292602
0.18962167
0.18636581
0.18315688
0.17999448
0.17687735
0.17380549
0.1707781
0.8843792
0.8694792
0.85511714
0.8411679
0.827545
0.8141929
0.8010789
0.7881851
0.7755014
0.76302284
0.7507462
0.7386703
0.7267928
0.7151115
0.7036241
0.69232714
0.68121785
0.67029184
0.6595467
0.6489775
0.6385813
0.6283549
0.61829406
0.6083963
0.5986581
0.589077
0.57964945
0.57037383
0.56124735
0.5522667
0.54342973
0.5347347
0.5261789
0.51776016
0.5094764
0.50132537
0.49330455
0.48541173
0.4776454
0.47000265
0.46248162
0.45508036
0.4477966
0.4406283
0.43357322
0.42662987
0.41979533
0.4130686
0.40644696
0.39992908
0.39351258
0.3871962
0.38097808
0.3748557
0.3688283
0.3628936
0.35705054
0.35129663
0.34563097
0.3400521
0.3345583
0.32914802
0.32382002
0.31857264
0.31340483
0.30831513
0.3033027
0.29836532
0.2935025
0.28871265
0.28399456
0.27934754
0.27477014
0.2702608
0.2658188
0.26144338
0.25713307
0.25288695
0.24870381
0.2445828
0.24052298
0.23652312
0.23258263
0.22870052
0.22487523
0.22110675
0.2173935
0.21373509
0.21013008
0.20657817
0.20307831
0.19962987
0.19623102
0.19288282
0.18958287
0.18633084
0.18312554
0.17996776
0.17685549
0.17378816
0.89610875
0.881361
0.8670671
0.8531268
0.83946705
0.8260435
0.81283116
0.79981863
0.7870011
0.77437794
0.76194906
0.74971604
0.7376781
0.7258351
0.71418506
0.7027255
0.6914541
0.6803673
0.6694619
0.658734
0.64818126
0.63779896
0.6275848
0.6175351
0.60764694
0.59791756
0.58834463
0.5789248
0.5696561
0.5605363
0.55156213
0.54273194
0.53404325
0.5254942
0.517082
0.50880486
0.5006603
0.4926459
0.4847603
0.47700012
0.46936402
0.46184993
0.454455
0.44717795
0.44001597
0.43296772
0.42603046
0.41920283
0.4124821
0.40586713
0.39935517
0.39294532
0.3866349
0.38042244
0.37430626
0.3682845
0.36235583
0.3565183
0.35077056
0.34511077
0.33953747
0.33404943
0.3286449
0.32332277
0.31808114
0.31291935
0.30783606
0.3028288
0.29789782
0.2930413
0.2882578
0.28354594
0.2789054
0.27433425
0.26983145
0.26539624
0.26102763
0.2567241
0.2524849
0.24830866
0.24419491
0.24014208
0.23614956
0.23221636
0.22834155
0.22452407
0.220763
0.21705705
0.21340618
0.20980951
0.20626515
0.20277274
0.19933163
0.19594142
0.19260062
0.18930838
0.18606454
0.1828679
0.17971742
0.176613
0.90691733
0.8923581
0.87815714
0.8642437
0.85056216
0.8370806
0.82378256
0.8106638
0.79772466
0.7849693
0.7724012
0.7600233
0.7478374
0.73584414
0.7240436
0.7124332
0.7010112
0.6897745
0.67872
0.6678447
0.65714514
0.64661795
0.63626003
0.6260683
0.61604017
0.606173
0.59646326
0.58690935
0.5775081
0.56825745
0.55915487
0.55019873
0.5413857
0.5327145
0.5241825
0.51578707
0.50752664
0.49939853
0.49140075
0.48353156
0.47578782
0.46816778
0.46066943
0.4532905
0.4460289
0.43888226
0.4318488
0.4249268
0.41811323
0.41140705
0.40480602
0.39830792
0.39191195
0.38561487
0.3794161
0.37331265
0.36730438
0.36138865
0.35556352
0.34982818
0.3441808
0.33862036
0.3331443
0.32775214
0.32244226
0.31721306
0.31206298
0.30699158
0.3019966
0.29707715
0.29223245
0.2874609
0.28276128
0.27813235
0.27357277
0.2690825
0.264659
0.2603023
0.25601083
0.2517833
0.24761899
0.24351713
0.23947634
0.23549595
0.23157485
0.22771166
0.2239056
0.22015625
0.21646301
0.2128238
0.20923817
0.20570591
0.2022256
0.1987964
0.19541758
0.19208802
0.18880749
0.18557501
0.18238945
0.17925066
0.91681814
0.9024786
0.8883905
0.8745183
0.86082727
0.8472988
0.83392644
0.8207128
0.8076644
0.7947891
0.782093
0.76958287
0.757261
0.7451302
0.73319036
0.7214408
0.7098794
0.6985041
0.68731177
0.67629933
0.66546375
0.6548022
0.64431137
0.6339879
0.6238298
0.6138339
0.6039976
0.59431887
0.5847944
0.5754228
0.5662009
0.5571272
0.54819876
0.539414
0.5307702
0.52226543
0.5138972
0.50566334
0.49756187
0.48959017
0.48174635
0.47402823
0.46643335
0.45895964
0.45160493
0.44436723
0.4372442
0.43023413
0.42333463
0.41654366
0.40985987
0.40328065
0.39680406
0.3904287
0.38415247
0.37797394
0.37189135
0.36590225
0.36000592
0.3542008
0.34848478
0.34285623
0.3373143
0.33185688
0.326483
0.32119122
0.31598014
0.31084812
0.30579448
0.3008176
0.29591587
0.29108834
0.28633434
0.2816517
0.2770403
0.27249795
0.2680245
0.26361805
0.2592785
0.2550035
0.2507929
0.24664542
0.24256004
0.23853599
0.23457149
0.2306667
0.22681975
0.22303042
0.21929702
0.21561934
0.21199603
0.20842646
0.20490918
0.20144428
0.19803022
0.19466655
0.1913526
0.18808669
0.18486878
0.18169811
0.92582774
0.91173166
0.8977716
0.88395154
0.87026024
0.8566944
0.8432577
0.8299597
0.81681305
0.80382895
0.79101753
0.7783864
0.7659407
0.7536841
0.7416173
0.72973996
0.71805054
0.7065481
0.6952287
0.6840903
0.67312986
0.6623439
0.65173024
0.6412858
0.6310076
0.6208933
0.6109403
0.60114604
0.5915083
0.5820244
0.57269263
0.5635104
0.55447537
0.54558575
0.5368388
0.52823275
0.51976544
0.5114339
0.50323606
0.49517047
0.48723382
0.47942486
0.47174078
0.46417984
0.45673943
0.4494174
0.44221166
0.43512034
0.42814112
0.42127222
0.41451168
0.40785685
0.40130666
0.39485857
0.3885115
0.38226306
0.37611213
0.37005597
0.36409405
0.35822383
0.35244402
0.34675372
0.3411504
0.33563328
0.3302006
0.32485133
0.31958383
0.31439635
0.30928826
0.30425793
0.29930446
0.2944259
0.28962147
0.28488982
0.2802301
0.27564073
0.2711209
0.26666936
0.26228505
0.25796673
0.25371364
0.24952391
0.24539791
0.24133348
0.23733002
0.23338664
0.22950213
0.22567543
0.22190666
0.21819307
0.21453539
0.21093145
0.20738079
0.20388374
0.20043787
0.19704263
0.19369778
0.19040188
0.18715441
0.18395445
0.93396336
0.9201278
0.90630543
0.8925442
0.8788598
0.86526364
0.8517709
0.8383986
0.8251642
0.8120828
0.7991672
0.78642714
0.7738698
0.7614988
0.7493164
0.737323
0.72551733
0.71389836
0.7024631
0.6912096
0.6801348
0.6692356
0.6585097
0.64795434
0.6375661
0.6273435
0.61728346
0.6073837
0.59764236
0.5880559
0.57862353
0.56934196
0.5602095
0.5512237
0.54238254
0.5336837
0.52512485
0.5167039
0.5084183
0.50026643
0.49224508
0.4843527
0.4765871
0.46894592
0.46142673
0.4540275
0.44674584
0.43958026
0.43252835
0.4255874
0.41875646
0.4120331
0.40541494
0.398901
0.39248857
0.3861763
0.37996233
0.373845
0.36782238
0.36189318
0.35605577
0.35030818
0.34464946
0.33907774
0.33359122
0.3281895
0.32287034
0.3176324
0.3124746
0.30739608
0.3023946
0.29746938
0.2926193
0.2878434
0.28313953
0.27850735
0.2739453
0.2694526
0.2650279
0.26066986
0.25637838
0.2521514
0.24798754
0.24388681
0.23984787
0.23586947
0.231951
0.22809123
0.2242889
0.22054388
0.21685451
0.21321978
0.20963943
0.20611235
0.20263742
0.1992139
0.19584085
0.19251806
0.18924369
0.18601765
0.94124496
0.92767835
0.91399837
0.90029925
0.8866247
0.87300414
0.8594628
0.8460247
0.83271235
0.81954443
0.80653584
0.79369855
0.7810407
0.7685672
0.7562807
0.74418247
0.7322722
0.7205476
0.7090079
0.69764996
0.6864717
0.67547
0.6646423
0.6539863
0.643499
0.6331781
0.62302125
0.613026
0.60318995
0.5935111
0.58398706
0.5746156
0.5653948
0.5563219
0.54739505
0.53861195
0.5299706
0.5214687
0.513103
0.5048728
0.4967747
0.48880675
0.48096734
0.4732532
0.4656627
0.45819294
0.45084277
0.44360963
0.4364913
0.42948544
0.4225908
0.41580468
0.40912545
0.40255123
0.39608023
0.38970965
0.38343892
0.37726608
0.37118882
0.36520612
0.3593162
0.35351703
0.34780723
0.3421863
0.33665168
0.33120227
0.3258366
0.32055327
0.31535104
0.31022835
0.30518404
0.3002169
0.29532564
0.2905094
0.2857663
0.28109524
0.27649575
0.27196553
0.26750478
0.2631115
0.25878477
0.25452384
0.25032723
0.24619414
0.24212243
0.23811364
0.23416424
0.23027417
0.22644301
0.22266898
0.21895114
0.21528926
0.2116822
0.20812836
0.20462732
0.2011787
0.19778092
0.19443348
0.1911354
0.18788576
0.9476923
0.93439525
0.9208561
0.9072184
0.8935555
0.8799143
0.8663302
0.8528345
0.8394533
0.8262089
0.8131184
0.80019504
0.7874478
0.77488333
0.7625043
0.7503128
0.7383084
0.72649026
0.71485674
0.7034059
0.69213474
0.6810413
0.6701225
0.6593765
0.64879996
0.63839114
0.62814736
0.61806625
0.6081463
0.59838414
0.58877814
0.5793263
0.5700259
0.56087494
0.5518716
0.54301333
0.5342976
0.5257226
0.517286
0.50898516
0.50081813
0.49278253
0.48487586
0.47709686
0.46944207
0.4619097
0.4544978
0.44720414
0.4400265
0.4329625
0.42601055
0.41916856
0.412434
0.40580583
0.39928147
0.39285952
0.38653806
0.38031524
0.37418914
0.36815858
0.3622216
0.35637674
0.35062227
0.34495685
0.3393791
0.33388734
0.32848018
0.32315624
0.317914
0.3127521
0.30767
0.3026657
0.297738
0.29288545
0.2881075
0.28340232
0.27876928
0.27420655
0.2697133
0.26528856
0.2609315
0.25664052
0.25241438
0.2482523
0.24415283
0.2401157
0.23613943
0.23222372
0.22836635
0.22456673
0.2208247
0.21713832
0.21350701
0.20993005
0.20640677
0.2029359
0.19951613
0.19614716
0.1928281
0.18955788
0.953327
0.9402913
0.9268852
0.9133043
0.8996523
0.885992
0.87237036
0.85882413
0.8453828
0.8320718
0.81890976
0.80591124
0.7930861
0.7804415
0.7679815
0.75570786
0.7436209
0.7317202
0.72000426
0.7084708
0.6971181
0.6859432
0.6749444
0.6641185
0.65346354
0.6429766
0.6326564
0.62249976
0.61250514
0.60266966
0.5929915
0.5834685
0.57409793
0.5648782
0.55580693
0.546882
0.53810096
0.52946144
0.5209617
0.51259875
0.50437075
0.4962752
0.48831013
0.48047286
0.47276157
0.46517393
0.45770726
0.45035997
0.44312966
0.4360145
0.429012
0.4221203
0.4153374
0.40866163
0.40209073
0.39562276
0.3892567
0.38298967
0.37682113
0.37074834
0.36476994
0.35888466
0.35309052
0.3473864
0.34177047
0.3362418
0.330798
0.32543844
0.32016176
0.31496567
0.30985028
0.3048135
0.29985353
0.2949702
0.29016176
0.28542644
0.2807641
0.27617317
0.27165246
0.2672001
0.26281616
0.25849885
0.2542472
0.2500604
0.24593665
0.24187581
0.23787606
0.23393713
0.23005734
0.22623631
0.2224727
0.21876544
0.21511391
0.21151692
0.20797372
0.20448329
0.20104508
0.19765764
0.19432022
0.19103235
0.9581707
0.9453777
0.932092
0.9185597
0.9049145
0.89123666
0.8775814
0.86399037
0.85049766
0.8371294
0.8239061
0.8108428
0.79795086
0.7852375
0.7727075
0.7603629
0.74820477
0.73623246
0.72444504
0.71284044
0.7014166
0.69017154
0.67910266
0.6682078
0.65748465
0.6469307
0.63654405
0.6263217
0.6162624
0.60636324
0.5966224
0.5870376
0.57760644
0.5683271
0.5591971
0.5502146
0.54137635
0.53268135
0.5241264
0.5157097
0.5074289
0.4992811
0.49126497
0.4833783
0.4756176
0.46798158
0.46046782
0.45307386
0.4457981
0.43863812
0.43159196
0.42465732
0.41783246
0.4111154
0.40450406
0.3979968
0.39159197
0.38528708
0.37908116
0.3729719
0.36695817
0.36103806
0.35521016
0.34947258
0.34382394
0.33826315
0.3327884
0.3273985
0.3220918
0.31686708
0.31172293
0.30665785
0.3016712
0.29676124
0.29192662
0.28716612
0.2824789
0.27786362
0.27331907
0.26884404
0.26443723
0.2600979
0.25582457
0.25161675
0.24747227
0.2433916
0.23937225
0.23541376
0.23151545
0.22767583
0.22389439
0.22016941
0.21650088
0.21288672
0.20932737
0.2058206
0.20236652
0.1989638
0.19561145
0.19230874
0.96224546
0.9496665
0.9364813
0.9229859
0.9093427
0.8956466
0.8819608
0.8683318
0.8547952
0.84137833
0.8281033
0.8149862
0.802038
0.7892671
0.77667844
0.764274
0.75205564
0.74002284
0.728175
0.7165101
0.7050262
0.6937214
0.6825938
0.6716405
0.66085964
0.6502485
0.6398057
0.6295278
0.6194139
0.6094608
0.5996672
0.59003013
0.5805474
0.57121766
0.56203794
0.5530063
0.5441205
0.53537804
0.5267769
0.51831466
0.5099889
0.5017977
0.49373814
0.4858082
0.4780065
0.47032943
0.46277547
0.4553425
0.44802865
0.44083068
0.43374756
0.42677665
0.41991657
0.4131648
0.4065195
0.399979
0.39354107
0.38720468
0.3809675
0.3748277
0.3687842
0.36283508
0.35697848
0.35121316
0.34553754
0.3399502
0.33444944
0.32903412
0.3237027
0.3184539
0.3132859
0.30819818
0.30318874
0.29825673
0.2934008
0.28861985
0.28391188
0.27927673
0.27471256
0.27021876
0.26579347
0.26143584
0.25714505
0.25291982
0.24875917
0.24466187
0.24062674
0.23665231
0.23273869
0.22888412
0.22508831
0.22134927
0.21766667
0.21403967
0.21046682
0.20694675
0.20347945
0.20006484
0.19670016
0.19338588
0.96557194
0.9531676
0.9400575
0.9265843
0.9129363
0.89922094
0.8855078
0.8718457
0.8582724
0.8448161
0.83149934
0.81833816
0.80534446
0.7925267
0.77988994
0.7674374
0.7551701
0.74308795
0.7311907
0.71947604
0.70794344
0.69659
0.6854139
0.6744126
0.66358453
0.6529269
0.6424378
0.632115
0.6219563
0.611959
0.6021216
0.5924421
0.58291787
0.5735468
0.56432647
0.55525476
0.5463297
0.5375488
0.52890944
0.5204099
0.5120475
0.5038203
0.49572572
0.48776174
0.4799258
0.4722154
0.46462888
0.45716396
0.44981834
0.44258976
0.43547657
0.42847627
0.4215871
0.41480702
0.40813422
0.4015664
0.39510265
0.38874075
0.3824781
0.3763141
0.37024635
0.36427355
0.3583943
0.35260665
0.34690905
0.3413007
0.3357794
0.33034346
0.32499242
0.31972444
0.31453794
0.30943185
0.30440485
0.29945567
0.29458272
0.28978524
0.28506172
0.2804111
0.2758319
0.27132306
0.2668835
0.26251218
0.2582077
0.2539693
0.24979539
0.24568528
0.24163811
0.237652
0.23372686
0.22986102
0.22605374
0.22230396
0.2186109
0.21497315
0.21138988
0.20786054
0.2043842
0.20095974
0.1975863
0.19426268
0.9681693
0.9558887
0.9428226
0.9293549
0.9156943
0.90195835
0.88822
0.87453055
0.86092746
0.8474403
0.83409077
0.8208959
0.8078671
0.7950135
0.7823401
0.76984996
0.75754464
0.7454244
0.7334888
0.7217361
0.7101651
0.69877386
0.6875601
0.6765219
0.66565675
0.65496296
0.64443785
0.6340798
0.623886
0.61385494
0.60398394
0.59427124
0.5847143
0.5753112
0.5660593
0.55695677
0.5480015
0.5391905
0.53052217
0.52199334
0.51360273
0.5053477
0.49722594
0.4892348
0.481373
0.47363648
0.46602476
0.4585353
0.45116553
0.44391307
0.43677667
0.42975402
0.42284232
0.416041
0.4093469
0.40275884
0.39627454
0.38989273
0.38361117
0.3774284
0.37134257
0.36535227
0.3594557
0.35365117
0.34793735
0.34231317
0.33677638
0.3313259
0.32596034
0.320678
0.31547785
0.31035855
0.3053186
0.30035672
0.29547182
0.29066244
0.28592756
0.2812654
0.2766756
0.27215642
0.2677065
0.26332536
0.25901133
0.25476342
0.2505805
0.24646194
0.2424063
0.23841162
0.23447847
0.23060478
0.22679017
0.22303301
0.2193326
0.21568795
0.21209817
0.20856236
0.20507945
0.20164879
0.19826885
0.19493954
0.9700523
0.95783484
0.9447776
0.9312969
0.917616
0.9038577
0.89009666
0.8763846
0.862759
0.849249
0.83587617
0.8226576
0.8096042
0.7967253
0.7840261
0.7715098
0.75917774
0.74703044
0.7350674
0.72328776
0.7116894
0.7002714
0.6890305
0.6779656
0.66707426
0.6563543
0.64580387
0.6354203
0.6252019
0.61514634
0.6052517
0.59551513
0.5859353
0.5765094
0.5672353
0.5581105
0.54913354
0.54030156
0.5316122
0.5230634
0.51465225
0.50637776
0.4982364
0.49022666
0.48234588
0.4745915
0.46696198
0.45945513
0.45206803
0.44479924
0.43764654
0.4306079
0.42368123
0.41686472
0.41015595
0.40355343
0.39705554
0.39065984
0.38436553
0.3781702
0.37207198
0.3660698
0.36016184
0.35434654
0.3486217
0.3429869
0.33744
0.33197993
0.32660475
0.32131347
0.31610462
0.31097686
0.3059289
0.30095902
0.29606655
0.29125
0.2865081
0.28183952
0.27724302
0.27271745
0.2682616
0.26387513
0.25955543
0.2553021
0.25111434
0.24699074
0.24292973
0.23893118
0.23499349
0.23111552
0.2272965
0.2235356
0.21983132
0.21618314
0.21258993
0.20905042
0.20556471
0.20213039
0.19874749
0.19541535
0.9712304
0.95900744
0.9459215
0.9324091
0.9186997
0.9049176
0.8911364
0.87740684
0.86376566
0.8502406
0.8368539
0.8236211
0.8105539
0.7976604
0.7849462
0.7724148
0.7600671
0.7479043
0.73592526
0.7241293
0.71251494
0.70108026
0.6898235
0.67874247
0.6678353
0.6570997
0.64653385
0.63613534
0.62590224
0.61583215
0.60592324
0.5961726
0.5865787
0.5771396
0.56785226
0.5587146
0.5497248
0.54088026
0.5321787
0.52361786
0.5151954
0.5069094
0.49875644
0.49073523
0.48284388
0.47507912
0.46743914
0.4599222
0.45252517
0.44524705
0.43808514
0.43103772
0.42410177
0.4172769
0.41056028
0.40394998
0.39744464
0.39104202
0.3847403
0.37853837
0.37243393
0.36642557
0.3605115
0.3546907
0.34896106
0.3433209
0.3377693
0.33230484
0.32692564
0.3216303
0.31641787
0.31128606
0.30623496
0.30126235
0.29636714
0.29154786
0.2868034
0.2821325
0.27753374
0.27300638
0.26854873
0.26416045
0.25983945
0.25558478
0.2513958
0.24727102
0.24320897
0.23920979
0.23527104
0.23139268
0.22757322
0.22381154
0.22010672
0.21645854
0.21286507
0.20932555
0.20583917
0.2024051
0.19902238
0.1956902
0.9717064
0.9594045
0.9462512
0.93268913
0.9189446
0.9051373
0.89133847
0.87759644
0.863946
0.85041463
0.8370228
0.82378566
0.81071496
0.7978179
0.7851
0.7725643
0.7602123
0.7480448
0.7360607
0.72425985
0.7126401
0.70120007
0.68993795
0.67885154
0.66793907
0.6571985
0.6466274
0.63622385
0.6259858
0.6159113
0.6059975
0.5962425
0.5866444
0.5772007
0.56790954
0.55876774
0.5497745
0.54092574
0.5322204
0.523656
0.5152305
0.5069401
0.49878442
0.49076042
0.48286575
0.4750981
0.4674554
0.4599355
0.45253628
0.44525576
0.43809158
0.4310419
0.42410448
0.41727751
0.41055936
0.4039477
0.39744112
0.39103737
0.38473484
0.3785324
0.37242743
0.366419
0.36050493
0.35468408
0.34895465
0.3433152
0.33776417
0.33230025
0.326922
0.3216278
0.31641635
0.31128687
0.306237
0.30126598
0.29637238
0.29155487
0.28681275
0.28214368
0.27754775
0.27302256
0.26856777
0.26418144
0.2598627
0.25561115
0.251425
0.2473028
0.24324349
0.23924696
0.23531151
0.231436
0.22761913
0.22386073
0.22015901
0.21651348
0.21292287
0.20938677
0.20590357
0.20247287
0.19909303
0.19576387
0.97147495
0.9590208
0.9457635
0.9321353
0.9183489
0.90451634
0.89070237
0.87695295
0.8633004
0.8497706
0.8363827
0.8231512
0.81008697
0.7971969
0.78448606
0.7719574
0.7596126
0.74745154
0.735474
0.7236789
0.7120649
0.7006304
0.68937355
0.6782928
0.6673855
0.65664977
0.646084
0.6356854
0.62545264
0.61538315
0.6054741
0.59572464
0.58613133
0.5766929
0.56740683
0.5582703
0.54928154
0.540438
0.5317376
0.52317816
0.51475704
0.5064721
0.49832115
0.49030143
0.48241168
0.47464854
0.4670106
0.45949563
0.45210105
0.44482514
0.43766588
0.4306207
0.4236882
0.41686627
0.41015303
0.4035467
0.39704502
0.3906466
0.38434976
0.37815222
0.37205288
0.3660498
0.36014143
0.35432634
0.34860304
0.34296945
0.33742428
0.3319668
0.32659435
0.32130656
0.31610173
0.31097803
0.30593446
0.30096996
0.29608285
0.2912721
0.286536
0.28187394
0.27728438
0.27276593
0.26831737
0.26393792
0.25962624
0.255381
0.25120115
0.2470857
0.24303342
0.23904343
0.23511441
0.23124497
0.22743523
0.22368325
0.21998784
0.21634892
0.21276475
0.20923482
0.20575792
0.2023332
0.19896
0.1956368
0.9705235
0.95784795
0.9444542
0.93074495
0.916912
0.9030537
0.8892284
0.8754766
0.8618288
0.8483083
0.8349335
0.8217176
0.8086701
0.79579777
0.7831052
0.7705949
0.75826794
0.746125
0.7341647
0.7223867
0.71078956
0.6993716
0.6881311
0.6770659
0.6661741
0.6554544
0.6449039
0.63452035
0.6243027
0.6142479
0.60435396
0.5946192
0.5850406
0.5756164
0.5663443
0.55722183
0.5482471
0.53941727
0.53073037
0.52218413
0.5137759
0.5055037
0.49736583
0.4893588
0.48148116
0.4737308
0.46610454
0.45860174
0.45121944
0.4439551
0.43680766
0.42977443
0.42285377
0.41604367
0.4093417
0.40274674
0.39625654
0.38986987
0.38358417
0.37739807
0.37131032
0.3653187
0.3594217
0.35361788
0.3479059
0.3422837
0.33675003
0.3313035
0.3259427
0.32066622
0.31547263
0.31036013
0.30532828
0.30037457
0.29549876
0.29069898
0.285974
0.281323
0.27674437
0.27223653
0.26779902
0.2634305
0.25912914
0.254895
0.25072506
0.2466207
0.24257858
0.23859906
0.23468003
0.23082125
0.22702122
0.22327892
0.21959375
0.21596438
0.21239027
0.20886956
0.20540255
0.20198707
0.19862306
0.19530936
0.96883225
0.95587575
0.94231766
0.9285157
0.91463244
0.900749
0.8869157
0.8731673
0.85953134
0.8460288
0.8326761
0.8194853
0.806465
0.7936215
0.78095806
0.7684771
0.7561794
0.74406534
0.7321337
0.72038376
0.7088147
0.69742376
0.6862101
0.6751717
0.66430646
0.6536122
0.6430874
0.6327296
0.6225369
0.612507
0.6026375
0.59292656
0.583372
0.5739717
0.5647226
0.5556236
0.5466711
0.53786373
0.52919906
0.52067447
0.5122878
0.50403696
0.4959196
0.48793316
0.4800758
0.47234526
0.46473902
0.45725542
0.44989234
0.44264743
0.43551862
0.42850414
0.4216017
0.41480958
0.4081261
0.4015489
0.3950767
0.3887076
0.38243937
0.37627113
0.37020028
0.36422607
0.358346
0.35255933
0.3468643
0.3412588
0.33574212
0.3303122
0.3249678
0.31970748
0.31453007
0.30943367
0.30441794
0.2994804
0.2946203
0.28983617
0.28512692
0.28049153
0.27592808
0.27143544
0.26701304
0.26265904
0.258373
0.25415275
0.24999823
0.24590746
0.24187952
0.23791377
0.23400894
0.23016378
0.22637737
0.22264887
0.21897702
0.21536094
0.21179979
0.20829186
0.20483753
0.2014349
0.19808318
0.1947826
0.966378
0.95309204
0.93934804
0.9254444
0.91150826
0.8976017
0.88376427
0.8700253
0.8564089
0.8429326
0.82961184
0.8164563
0.8034738
0.79066944
0.7780461
0.7656054
0.7533482
0.7412741
0.7293823
0.7176718
0.70614105
0.6947887
0.6836129
0.6726115
0.66178316
0.65112543
0.64063656
0.630314
0.62015617
0.6101612
0.60032594
0.59064883
0.5811276
0.57176006
0.56254345
0.55347615
0.5445555
0.5357793
0.52714497
0.5186506
0.5102938
0.5020722
0.49398357
0.48602566
0.47819608
0.47049317
0.46291465
0.45545778
0.4481212
0.4409018
0.43379897
0.42680988
0.4199328
0.41316578
0.40650687
0.39995444
0.3935063
0.38716078
0.38091642
0.3747716
0.36872414
0.36277264
0.35691586
0.3511517
0.34547856
0.3398957
0.33440074
0.32899296
0.32367012
0.3184315
0.3132748
0.30820012
0.3032048
0.29828823
0.2934484
0.28868487
0.28399566
0.2793797
0.27483597
0.27036285
0.2659593
0.26162526
0.2573576
0.2531559
0.24901962
0.24494727
0.24093747
0.23698938
0.23310217
0.22927426
0.2255052
0.22179377
0.21813829
0.21453863
0.21099387
0.20750257
0.20406398
0.20067707
0.19734144
0.19405553
0.9631326
0.94948345
0.93553835
0.921527
0.90753704
0.89360994
0.87977356
0.8660514
0.8524621
0.839022
0.82574236
0.8126324
0.79969835
0.78694403
0.7743716
0.7619824
0.74977654
0.7377534
0.7259124
0.7142521
0.70277107
0.6914679
0.68034035
0.6693872
0.65860575
0.6479948
0.6375522
0.6272753
0.6171626
0.6072117
0.5974205
0.58778715
0.57830846
0.5689828
0.55980825
0.5507821
0.5419016
0.53316504
0.5245702
0.51611423
0.5077953
0.499611
0.49155933
0.48363778
0.47584435
0.46817642
0.46063218
0.45320973
0.44590646
0.43872124
0.43165088
0.42469433
0.41784933
0.4111137
0.404486
0.39796424
0.3915467
0.38523138
0.37901688
0.37290102
0.36688307
0.3609606
0.35513207
0.34939635
0.3437512
0.33819562
0.3327282
0.32734737
0.32205138
0.31683895
0.3117091
0.30665985
0.30169046
0.29679883
0.29198453
0.28724524
0.2825808
0.277989
0.27346945
0.26902008
0.26464012
0.2603287
0.2560841
0.25190517
0.24779105
0.2437406
0.23975271
0.23582622
0.23196054
0.22815338
0.22440496
0.22071396
0.21707872
0.21349928
0.20997375
0.2065018
0.20308262
0.19971459
0.19639789
0.19313042
0.9590674
0.94503486
0.9308805
0.9167587
0.90271586
0.888772
0.87494355
0.86124575
0.8476932
0.8342983
0.8210707
0.8080166
0.7951415
0.7824478
0.7699374
0.75761056
0.74546695
0.73350644
0.7217269
0.71012765
0.69870746
0.6874638
0.67639536
0.6655005
0.65477747
0.6442233
0.6338371
0.62361604
0.6135581
0.60366184
0.5939241
0.58434343
0.5749169
0.5656431
0.55651903
0.54754287
0.5387115
0.5300237
0.52147615
0.5130675
0.50479496
0.49665618
0.48864907
0.48077187
0.47302157
0.46539667
0.45789477
0.45051384
0.44325158
0.43610626
0.42907605
0.42215863
0.4153523
0.40865478
0.40206477
0.39558044
0.38919958
0.3829206
0.376742
0.3706617
0.36467862
0.3587905
0.3529961
0.34729394
0.34168273
0.33616057
0.3307254
0.32537642
0.3201127
0.31493202
0.30983326
0.30481464
0.2998756
0.2950141
0.29022938
0.28551993
0.28088424
0.27632108
0.27182963
0.2674083
0.26305595
0.25877196
0.25455397
0.25040165
0.24631396
0.24228948
0.23832685
0.23442562
0.23058432
0.22680232
0.22307785
0.21941058
0.2157996
0.21224292
0.20874052
0.20529161
0.20189472
0.19854942
0.195254
0.1920084
0.95415103
0.9397297
0.9253648
0.9111339
0.8970419
0.88308716
0.8692739
0.8556093
0.8421035
0.82876456
0.81559896
0.8026121
0.78980696
0.7771851
0.7647476
0.75249386
0.7404237
0.72853583
0.71682894
0.7053018
0.69395244
0.68277955
0.67178106
0.6609552
0.6503001
0.63981354
0.6294937
0.6193386
0.609346
0.5995136
0.5898393
0.58032084
0.5709562
0.56174314
0.55267847
0.543761
0.53498834
0.52635705
0.517866
0.50951266
0.50129455
0.49320948
0.48525548
0.47742978
0.46973094
0.46215636
0.4547041
0.4473719
0.44015795
0.43306008
0.42607644
0.4192054
0.41244403
0.4057917
0.3992458
0.39280492
0.3864673
0.3802305
0.37409383
0.36805508
0.36211303
0.35626522
0.35051072
0.34484804
0.33927548
0.33379158
0.32839435
0.32308328
0.31785625
0.31271207
0.30764896
0.3026664
0.2977624
0.29293573
0.2881852
0.28350946
0.2789072
0.27437735
0.2699184
0.26552898
0.2612089
0.25695565
0.2527683
0.2486469
0.24458902
0.24059449
0.23666123
0.23278844
0.22897619
0.22522195
0.22152536
0.21788558
0.21430118
0.21077178
0.20729595
0.20387286
0.20050146
0.19718117
0.19391085
0.19069047
0.9483523
0.9335504
0.9189816
0.9046468
0.8905119
0.87655455
0.86276543
0.8491447
0.8356959
0.8224239
0.80933195
0.796423
0.78369904
0.77116007
0.75880635
0.74663675
0.73465073
0.7228468
0.7112232
0.6997786
0.6885114
0.6774194
0.6665012
0.65575504
0.645178
0.63476926
0.6245264
0.6144467
0.604529
0.59477055
0.58516926
0.5757232
0.5664289
0.5572858
0.54829025
0.5394406
0.5307344
0.5221691
0.5137428
0.5054531
0.49729764
0.48927456
0.48138106
0.4736154
0.4659753
0.45845878
0.45106333
0.44378725
0.43662855
0.42958537
0.42265537
0.41583663
0.4091279
0.4025267
0.39603135
0.38964057
0.3833518
0.37716419
0.371075
0.36508396
0.35918808
0.35338643
0.34767804
0.34205994
0.33653167
0.33109123
0.3257374
0.32046866
0.31528386
0.31018117
0.30515918
0.3002169
0.29535285
0.2905655
0.285854
0.2812167
0.27665213
0.27215943
0.2677374
0.2633846
0.2590996
0.254882
0.25072998
0.2466429
0.24261902
0.2386577
0.2347575
0.23091759
0.22713736
0.223415
0.21974939
0.21614045
0.2125867
0.20908721
0.20564094
0.20224705
0.19890463
0.19561304
0.19237073
0.18917811
0.9416393
0.92647904
0.91172075
0.8972927
0.88312507
0.86917454
0.85542023
0.841854
0.8284738
0.81528014
0.8022735
0.78945416
0.7768225
0.7643775
0.7521188
0.7400445
0.7281535
0.7164441
0.7049146
0.6935631
0.6823885
0.6713882
0.66056067
0.64990425
0.6394163
0.62909526
0.61893904
0.6089454
0.5991123
0.5894375
0.5799187
0.5705534
0.56133974
0.55227536
0.5433579
0.53458494
0.525954
0.5174631
0.50911003
0.5008925
0.49280795
0.48485455
0.4770294
0.46933115
0.46175784
0.4543064
0.4469752
0.43976292
0.43266642
0.4256847
0.41881546
0.41205633
0.40540594
0.39886305
0.39242485
0.3860902
0.37985697
0.37372383
0.36768904
0.36175066
0.35590747
0.35015786
0.3445001
0.33893234
0.33345342
0.3280625
0.32275692
0.31753603
0.31239784
0.30734193
0.30236587
0.29746884
0.2926495
0.287906
0.2832375
0.27864298
0.27412078
0.26966965
0.26528865
0.26097676
0.25673163
0.2525533
0.24844003
0.24439125
0.24040516
0.2364812
0.23261763
0.22881418
0.22506927
0.2213823
0.21775156
0.21417688
0.21065708
0.20719065
0.20377745
0.20041618
0.19710563
0.19384581
0.19063507
0.18747298
0.9339817
0.9184982
0.90357244
0.8890673
0.87487966
0.8609483
0.847241
0.83374125
0.82044166
0.80733824
0.7944286
0.7817105
0.7691825
0.7568432
0.74469036
0.7327224
0.72093713
0.70933336
0.6979086
0.68666124
0.67558956
0.6646914
0.6539651
0.6434085
0.6330198
0.62279683
0.6127373
0.60283923
0.5931004
0.5835188
0.57409215
0.56481767
0.5556934
0.546717
0.53788614
0.5291986
0.52065194
0.51224387
0.5039723
0.4958349
0.48782915
0.4799532
0.47220495
0.4645817
0.45708215
0.4497035
0.44244432
0.43530247
0.42827576
0.421362
0.4145601
0.40786755
0.4012827
0.39480382
0.388429
0.38215685
0.37598512
0.36991328
0.363938
0.3580586
0.35227373
0.34658134
0.3409799
0.33546823
0.3300449
0.3247077
0.31945592
0.3142879
0.30920184
0.30419672
0.29927167
0.2944244
0.28965417
0.28495967
0.28033897
0.27579188
0.2713161
0.26691094
0.26257518
0.25830764
0.25410676
0.24997205
0.24590155
0.24189459
0.23795012
0.2340671
0.2302443
0.22648023
0.22277491
0.21912669
0.21553417
0.21199729
0.2085142
0.20508467
0.20170765
0.19838214
0.19510715
0.19188185
0.1887054
0.18557702
0.9253513
0.90959156
0.89452916
0.8799678
0.86577654
0.8518789
0.8382312
0.8248111
0.8116043
0.7986035
0.78580284
0.773198
0.7607855
0.748563
0.73652756
0.7246766
0.71300876
0.701521
0.69021165
0.67907894
0.66812086
0.65733504
0.64672035
0.6362744
0.6259946
0.61587965
0.60592693
0.59613425
0.5864996
0.5770204
0.5676951
0.55852056
0.54949474
0.5406154
0.5318802
0.5232868
0.51483285
0.50651604
0.498334
0.4902849
0.48236626
0.47457576
0.46691155
0.45937124
0.45195305
0.44465464
0.43747434
0.43041006
0.42345965
0.41662127
0.4098934
0.4032739
0.39676103
0.39035296
0.38404825
0.37784448
0.3717405
0.36573514
0.3598259
0.35401174
0.34829023
0.342661
0.33712178
0.3316711
0.32630795
0.32103047
0.31583717
0.31072667
0.305698
0.30074927
0.29587957
0.2910869
0.28637072
0.28172904
0.27716106
0.27266538
0.26824033
0.26388574
0.25959903
0.25538036
0.25122753
0.24714006
0.24311598
0.23915541
0.23525633
0.2314177
0.22763905
0.22391875
0.22025594
0.21665004
0.21309948
0.20960356
0.20616119
0.20277175
0.19943407
0.1961473
0.19291037
0.18972309
0.18658407
0.18349274
0.9157238
0.8997459
0.8845836
0.8699921
0.85581726
0.84196925
0.8283965
0.8150691
0.8019684
0.78908247
0.77640253
0.76392263
0.7516377
0.73954326
0.72763646
0.7159142
0.7043742
0.6930136
0.68183064
0.6708235
0.65998936
0.6493271
0.63883406
0.6285084
0.61834824
0.608351
0.59851474
0.5888374
0.57931614
0.56994915
0.5607343
0.55166876
0.54275036
0.53397703
0.52534586
0.51685506
0.50850224
0.5002849
0.49220106
0.48424816
0.4764239
0.46872672
0.46115458
0.45370427
0.44637516
0.43916458
0.43207005
0.4250902
0.41822344
0.41146725
0.40482005
0.39828023
0.39184573
0.3855147
0.37928602
0.37315705
0.36712718
0.36119434
0.3553564
0.34961286
0.343961
0.3384003
0.3329287
0.32754493
0.32224697
0.31703418
0.311905
0.3068572
0.3018904
0.29700285
0.29219282
0.28745982
0.28280196
0.27821764
0.27370667
0.26926708
0.26489696
0.2605967
0.25636393
0.25219795
0.24809717
0.2440606
0.24008721
0.2361765
0.23232648
0.22853668
0.22480537
0.22113207
0.21751574
0.2139553
0.21044987
0.20699838
0.20359997
0.20025338
0.19695856
0.19371386
0.19051857
0.18737201
0.18427335
0.18122171
0.90508014
0.8889504
0.87373185
0.85914034
0.8450042
0.8312243
0.81774205
0.8045215
0.7915401
0.77878183
0.7662349
0.7538919
0.7417454
0.72979116
0.7180245
0.70644194
0.6950412
0.6838189
0.6727735
0.6619019
0.65120286
0.64067405
0.63031334
0.62011814
0.6100875
0.6002178
0.5905083
0.5809554
0.5715572
0.5623117
0.5532166
0.54426926
0.5354669
0.5268077
0.51828986
0.50991005
0.5016665
0.49355665
0.4855787
0.4777301
0.4700086
0.46241277
0.45493922
0.44758713
0.4403539
0.43323767
0.4262365
0.41934857
0.41257182
0.4059045
0.3993447
0.39289066
0.38654086
0.38029367
0.37414712
0.36809918
0.36214912
0.35629436
0.35053426
0.34486654
0.33929026
0.33380356
0.32840455
0.32309282
0.31786582
0.31272274
0.3076621
0.3026822
0.29778227
0.29296076
0.28821525
0.28354633
0.27895156
0.27442947
0.26997912
0.2655997
0.2612894
0.25704744
0.2528724
0.24876314
0.24471834
0.24073735
0.23681845
0.2329608
0.22916387
0.22542572
0.22174577
0.21812326
0.21455662
0.21104565
0.20758817
0.20418467
0.2008331
0.1975332
0.194284
0.19108427
0.18793364
0.1848313
0.18177572
0.17876717
0.8934069
0.87719953
0.86197186
0.8474136
0.83334124
0.8196494
0.80627424
0.79317564
0.7803267
0.7677084
0.75530756
0.743113
0.73111725
0.7193145
0.7076995
0.6962679
0.6850174
0.67394453
0.66304713
0.6523229
0.64176935
0.6313845
0.62116605
0.6111122
0.60122067
0.5914889
0.5819148
0.57249606
0.56323045
0.55411583
0.5451491
0.53632826
0.5276515
0.5191158
0.5107188
0.5024583
0.49433237
0.48633835
0.478474
0.47073734
0.4631264
0.45563865
0.44827193
0.4410247
0.433895
0.42688066
0.41997957
0.41319004
0.40651017
0.3999381
0.3934723
0.38711107
0.38085216
0.37469456
0.3686361
0.36267534
0.35681075
0.35104084
0.34536356
0.33977813
0.33428192
0.3288747
0.32355443
0.31831926
0.31316838
0.30810025
0.30311352
0.2982062
0.29337788
0.28862658
0.28395107
0.2793502
0.27482256
0.27036738
0.2659828
0.26166806
0.25742117
0.2532417
0.24912825
0.24507979
0.24109493
0.23717275
0.233312
0.22951196
0.22577125
0.22208875
0.21846358
0.21489526
0.21138194
0.20792295
0.2045176
0.20116478
0.19786377
0.19461346
0.19141285
0.18826161
0.18515837
0.18210267
0.17909361
0.17613038
0.88069844
0.8644902
0.8493047
0.8348149
0.8208333
0.8072507
0.79400057
0.78103924
0.76833683
0.755872
0.74362904
0.7315953
0.7197621
0.70812213
0.6966697
0.68540084
0.67431194
0.6633996
0.6526613
0.6420945
0.631697
0.62146676
0.61140156
0.6014986
0.5917561
0.58217186
0.57274324
0.56346804
0.5543442
0.5453691
0.5365401
0.52785534
0.51931185
0.5109077
0.50264007
0.49450764
0.48650706
0.47863647
0.4708938
0.46327704
0.45578328
0.4484116
0.44115904
0.43402407
0.42700484
0.420099
0.41330466
0.40662053
0.40004432
0.39357436
0.38720885
0.38094652
0.37478477
0.36872292
0.36275876
0.35689127
0.35111824
0.345438
0.3398499
0.33435157
0.32894164
0.32361916
0.31838217
0.3132295
0.30815947
0.30317146
0.29826298
0.2934333
0.28868133
0.28400555
0.27940407
0.27487606
0.2704208
0.2660361
0.26172122
0.25747484
0.25329608
0.24918309
0.24513525
0.2411515
0.23723017
0.23337099
0.22957215
0.22583309
0.22215232
0.21852891
0.21496275
0.21145119
0.20799473
0.20459169
0.20124112
0.19794275
0.19469498
0.19149691
0.18834868
0.18524829
0.18219581
0.17919017
0.17622985
0.17331503
0.8669547
0.85082424
0.835733
0.82134914
0.80748636
0.7940356
0.78092885
0.76812106
0.75557977
0.7432816
0.7312087
0.719348
0.70768875
0.69622326
0.68494546
0.67385024
0.662934
0.652193
0.6416249
0.63122666
0.6209958
0.6109303
0.601028
0.59128624
0.58170307
0.5722758
0.5630026
0.5538801
0.5449069
0.5360803
0.5273977
0.51885736
0.51045597
0.50219154
0.494062
0.48606488
0.47819793
0.47045872
0.46284553
0.45535573
0.4479876
0.44073874
0.43360758
0.42659202
0.4196896
0.41289937
0.40621892
0.3996468
0.39318034
0.38681915
0.38056064
0.37440255
0.3683448
0.36238497
0.3565208
0.350752
0.345076
0.33949167
0.33399755
0.3285923
0.32327405
0.3180416
0.31289324
0.30782792
0.30284435
0.29794073
0.29311597
0.28836858
0.28369772
0.2791013
0.2745785
0.27012816
0.26574883
0.2614391
0.25719845
0.25302497
0.24891785
0.24487564
0.24089739
0.23698223
0.23312879
0.22933581
0.22560272
0.22192793
0.21831077
0.21475042
0.21124522
0.20779486
0.20439826
0.20105416
0.19776206
0.19452068
0.19132958
0.18818778
0.18509395
0.18204817
0.17904876
0.17609547
0.17318723
0.17032428
0.85218304
0.8362082
0.82126296
0.80702287
0.793308
0.78001237
0.7670686
0.7544307
0.7420653
0.72994727
0.7180578
0.706382
0.6949087
0.68362933
0.67253727
0.661627
0.65089464
0.64033574
0.62994814
0.61972904
0.6096754
0.5997851
0.59005606
0.5804852
0.57107097
0.5618104
0.5527013
0.5437412
0.5349279
0.5262589
0.5177314
0.5093436
0.50109255
0.49297664
0.48499265
0.4771392
0.46941337
0.4618134
0.45433673
0.44698155
0.439746
0.43262762
0.42562488
0.41873536
0.4119574
0.40528914
0.39872923
0.39227524
0.38592544
0.37967858
0.37353313
0.36748672
0.3615383
0.35568583
0.34992817
0.34426355
0.33869085
0.3332077
0.32781357
0.32250634
0.31728467
0.31214765
0.30709338
0.30212033
0.29722756
0.29241392
0.2876772
0.2830167
0.27843106
0.27391925
0.26947954
0.26511118
0.26081213
0.25658196
0.25241905
0.24832237
0.24429116
0.24032345
0.23641925
0.23257594
0.22879398
0.22507145
0.22140741
0.21780054
0.21425074
0.21075584
0.20731634
0.20393021
0.20059603
0.19731468
0.19408394
0.19090298
0.18777137
0.18468831
0.18165249
0.1786637
0.17572044
0.1728227
0.16996951
0.16715975
0.8363961
0.8206509
0.80590314
0.79184455
0.7783069
0.7651901
0.7524292
0.73997855
0.72780424
0.71588033
0.70418704
0.6927086
0.68143296
0.6703515
0.65945643
0.64874214
0.6382044
0.62783915
0.6176429
0.607613
0.5977469
0.58804184
0.57849604
0.569106
0.55987024
0.55078566
0.5418501
0.53306115
0.5244165
0.51591355
0.5075498
0.4993231
0.4912308
0.48327112
0.4754409
0.46773872
0.46016178
0.4527082
0.44537595
0.43816277
0.4310667
0.42408583
0.41721773
0.41046163
0.40381464
0.3972754
0.39084244
0.38451338
0.37828648
0.3721606
0.36613423
0.36020505
0.3543719
0.34863326
0.3429874
0.33743277
0.33196852
0.32659248
0.3213031
0.31609952
0.31097984
0.3059434
0.30098763
0.29611212
0.2913148
0.28659582
0.28195193
0.27738312
0.272888
0.26846436
0.26411226
0.25982955
0.25561538
0.25146887
0.2473884
0.24337256
0.239421
0.23553167
0.23170438
0.22793773
0.2242301
0.22058147
0.21699007
0.21345523
0.20997573
0.2065507
0.20317912
0.19985999
0.1965927
0.1933764
0.19021028
0.18709299
0.18402377
0.18100215
0.17802773
0.17509815
0.17221422
0.16937484
0.1665788
0.1638257
0.8196115
0.80416596
0.78966457
0.77582455
0.7624933
0.7495795
0.7370219
0.72477627
0.7128087
0.70109314
0.6896091
0.6783403
0.6672746
0.65640205
0.64571536
0.6352083
0.62487596
0.6147143
0.60472035
0.5948898
0.5852218
0.575712
0.566359
0.5571595
0.54811144
0.5392121
0.53045934
0.52185047
0.5133829
0.5050547
0.4968633
0.48880574
0.48088032
0.47308454
0.46541587
0.45787248
0.45045206
0.44315258
0.4359718
0.4289077
0.42195824
0.4151218
0.40839604
0.40177965
0.3952703
0.38886634
0.38256633
0.37636855
0.37027094
0.36427215
0.35837078
0.3525647
0.3468527
0.34123328
0.3357053
0.3302665
0.3249158
0.31965193
0.31447303
0.30937806
0.30436537
0.2994339
0.29458234
0.28980893
0.2851126
0.28049222
0.2759462
0.27147323
0.26707274
0.26274216
0.25848165
0.25428927
0.2501642
0.24610516
0.24211071
0.23817964
0.23431154
0.23050448
0.22675857
0.22307152
0.21944244
0.21587105
0.21235564
0.20889574
0.20548998
0.20213783
0.19883788
0.19558951
0.19239187
0.1892439
0.18614505
0.1830943
0.18009093
0.1771338
0.17422235
0.17135572
0.16853392
0.16575477
0.16301881
0.16032496
0.80185163
0.7867694
0.77256024
0.75897473
0.7458793
0.7331925
0.72085875
0.70883584
0.6970909
0.6855984
0.67433673
0.6632903
0.65244627
0.6417943
0.6313273
0.621038
0.6109218
0.6009745
0.5911926
0.5815728
0.5721118
0.56280726
0.5536564
0.54465693
0.5358061
0.5271011
0.51853955
0.5101195
0.5018381
0.4936929
0.4856814
0.4778014
0.4700505
0.46242663
0.45492736
0.44755048
0.44029394
0.43315572
0.42613345
0.4192254
0.41242987
0.40574434
0.39916736
0.3926973
0.38633195
0.3800698
0.37390926
0.36784887
0.36188653
0.35602084
0.3502504
0.34457332
0.33898827
0.33349398
0.32808855
0.32277116
0.31753948
0.31239316
0.3073299
0.30234867
0.2974481
0.29262692
0.28788385
0.2832173
0.27862644
0.27410942
0.2696655
0.26529306
0.2609913
0.25675854
0.2525938
0.24849607
0.24446344
0.24049553
0.23659115
0.23274921
0.22896819
0.22524723
0.22158541
0.21798187
0.21443528
0.21094446
0.20750873
0.2041272
0.20079839
0.19752242
0.19429706
0.19112258
0.18799739
0.1849212
0.18189257
0.17891116
0.17597574
0.17308597
0.17024086
0.1674398
0.16468193
0.16196698
0.15929376
0.15666163
0.78314316
0.7684806
0.7546067
0.7413099
0.72847843
0.7160428
0.7039533
0.692171
0.6806651
0.66940933
0.65838414
0.6475725
0.63696223
0.62654257
0.6163057
0.6062452
0.59635603
0.5866334
0.5770736
0.5676735
0.5584299
0.54934
0.5404013
0.5316103
0.5229657
0.51446396
0.5061027
0.4978797
0.48979267
0.4818387
0.47401553
0.46632102
0.4587527
0.45130828
0.44398552
0.4367825
0.42969733
0.42272714
0.4158708
0.4091255
0.4024902
0.39596266
0.38954088
0.38322356
0.37700883
0.3708948
0.36487982
0.35896274
0.35314173
0.34741497
0.34178084
0.33623883
0.33078608
0.3254226
0.32014555
0.3149544
0.3098473
0.30482322
0.29988056
0.29501835
0.29023468
0.28552878
0.2808987
0.27634376
0.27186278
0.26745394
0.26311636
0.2588488
0.25464994
0.2505189
0.2464538
0.24245441
0.23851885
0.23464654
0.23083603
0.22708653
0.22339617
0.21976504
0.21619159
0.21267459
0.20921355
0.20580679
0.20245416
0.19915414
0.19590572
0.19270857
0.18956135
0.18646339
0.18341413
0.18041204
0.17745669
0.17454755
0.17168353
0.1688636
0.16608746
0.1633545
0.16066359
0.15801457
0.15540627
0.15283789
0.7635153
0.74932194
0.7358221
0.72284603
0.71030545
0.6981446
0.6863197
0.6747964
0.66354495
0.65254134
0.6417656
0.6312015
0.6208367
0.6106605
0.6006653
0.59084463
0.581192
0.57170415
0.5623769
0.55320615
0.54418945
0.5353235
0.52660555
0.51803315
0.50960284
0.5013134
0.49316084
0.48514354
0.47725877
0.46950406
0.4618771
0.45437562
0.44699723
0.4397399
0.4326013
0.4255794
0.41867203
0.4118773
0.4051934
0.39861792
0.3921495
0.38578624
0.3795267
0.37336832
0.36730996
0.3613502
0.35548708
0.3497193
0.3440449
0.33846298
0.33297154
0.32756943
0.3222552
0.317027
0.31188387
0.30682388
0.30184686
0.29695022
0.29213297
0.28739452
0.28273225
0.27814603
0.27363408
0.26919523
0.26482832
0.2605321
0.25630522
0.25214636
0.24805516
0.24402939
0.24006869
0.23617142
0.23233666
0.22856319
0.22485073
0.22119687
0.2176015
0.21406338
0.21058153
0.20715488
0.20378235
0.20046344
0.19719663
0.19398147
0.1908166
0.18770139
0.18463545
0.18161716
0.17864622
0.17572138
0.17284219
0.17000768
0.1672175
0.16447076
0.1617662
0.1591038
0.15648264
0.15390204
0.15136112
0.14885938
0.74300003
0.72931796
0.71622694
0.7036018
0.6913782
0.67951435
0.66797405
0.6567272
0.6457464
0.63500905
0.6244962
0.61419237
0.60408485
0.59416384
0.584421
0.5748501
0.5654452
0.5562019
0.54711634
0.53818494
0.5294042
0.5207713
0.51228344
0.50393754
0.4957313
0.48766184
0.47972625
0.47192279
0.46424827
0.45670083
0.4492776
0.4419769
0.4347958
0.427733
0.42078555
0.41395178
0.4072296
0.40061694
0.39411193
0.387713
0.38141802
0.37522563
0.3691337
0.3631408
0.35724527
0.35144538
0.3457402
0.34012714
0.33460596
0.32917377
0.3238305
0.31857356
0.31340256
0.30831572
0.30331117
0.29838836
0.29354522
0.2887813
0.28409427
0.27948397
0.2749484
0.2704866
0.2660968
0.26177847
0.2575302
0.25335065
0.2492387
0.24519308
0.24121296
0.23729688
0.23344378
0.22965293
0.22592282
0.2222524
0.21864039
0.21508686
0.21158946
0.20814802
0.20476116
0.20142801
0.19814773
0.19491929
0.19174184
0.18861425
0.18553598
0.18250625
0.1795239
0.17658816
0.17369856
0.17085378
0.16805355
0.16529688
0.16258293
0.1599114
0.15728123
0.15469193
0.15214255
0.14963296
0.1471618
0.14472918
0.7216332
0.70849615
0.69584423
0.6835967
0.67171496
0.6601695
0.64893323
0.6379798
0.62728554
0.616829
0.60659224
0.59656084
0.58672243
0.5770676
0.5675879
0.5582771
0.5491297
0.5401412
0.5313069
0.52262396
0.5140887
0.50569767
0.49744868
0.48933822
0.48136356
0.47352275
0.4658123
0.45823047
0.45077434
0.44344148
0.43622983
0.42913702
0.42216104
0.4152993
0.4085503
0.40191108
0.39538065
0.38895682
0.38263795
0.37642142
0.37030625
0.36429104
0.3583728
0.3525513
0.34682417
0.3411906
0.33564836
0.33019638
0.324833
0.3195567
0.3143668
0.30926093
0.30423835
0.29929712
0.29443672
0.28965533
0.28495172
0.28032506
0.27577314
0.27129552
0.26689067
0.2625576
0.25829488
0.25410116
0.24997553
0.24591708
0.24192396
0.23799545
0.23413062
0.2303282
0.22658665
0.22290549
0.21928325
0.21571943
0.21221246
0.20876156
0.20536578
0.20202422
0.19873577
0.19549946
0.19231462
0.18917991
0.18609488
0.1830581
0.18006916
0.17712784
0.17423186
0.17138194
0.16857605
0.16581418
0.1630955
0.16041912
0.15778439
0.15519044
0.15263683
0.15012303
0.14764813
0.14521201
0.14281309
0.14045183
0.6994509
0.68688565
0.67469823
0.66285306
0.6513353
0.6401291
0.6292152
0.6185723
0.6081795
0.59801763
0.5880704
0.57832336
0.5687659
0.5593881
0.5501823
0.5411419
0.53226167
0.52353734
0.5149641
0.50653857
0.49825722
0.49011734
0.4821153
0.474249
0.4665143
0.45891017
0.4514327
0.44407997
0.43685
0.4297394
0.4227465
0.41586906
0.4091046
0.40245095
0.3959066
0.38946965
0.38313773
0.37690908
0.37078187
0.3647544
0.35882527
0.35299268
0.34725502
0.34161055
0.3360578
0.3305956
0.3252223
0.31993648
0.31473655
0.30962133
0.3045895
0.2996396
0.2947705
0.2899806
0.28526878
0.2806335
0.2760744
0.27158904
0.26717705
0.2628369
0.25856707
0.2543673
0.25023505
0.2461707
0.242172
0.23823832
0.23436789
0.23056069
0.22681473
0.22312917
0.21950324
0.21593574
0.2124253
0.20897143
0.20557277
0.20222832
0.1989377
0.19569883
0.19251205
0.18937552
0.18628903
0.18325092
0.18026151
0.17731848
0.17442212
0.17157143
0.16876532
0.16600315
0.16328417
0.16060764
0.15797311
0.15537941
0.15282662
0.15031277
0.14783862
0.14540243
0.1430042
0.14064354
0.13831954
0.13603143
0.67649204
0.6645173
0.6528167
0.6413953
0.6302621
0.6194139
0.60884
0.59852344
0.5884469
0.5785934
0.568948
0.55949795
0.5502321
0.5411422
0.5322205
0.5234609
0.5148577
0.5064068
0.49810362
0.4899444
0.4819262
0.47404522
0.46629897
0.45868406
0.45119825
0.44383788
0.43660137
0.4294858
0.4224886
0.4156078
0.4088407
0.4021852
0.3956395
0.38920128
0.38286853
0.37663954
0.37051237
0.36448523
0.35855585
0.35272408
0.34698665
0.34134293
0.3357907
0.3303292
0.3249565
0.31967136
0.3144723
0.3093578
0.3043267
0.2993776
0.29450917
0.2897202
0.2850093
0.28037536
0.27581692
0.27133295
0.2669218
0.26258305
0.25831485
0.2541164
0.24998623
0.24592333
0.24192673
0.23799495
0.23412736
0.23032212
0.22657885
0.22289626
0.21927287
0.21570845
0.21220101
0.20875052
0.20535547
0.20201452
0.19872743
0.19549283
0.19231036
0.18917799
0.18609571
0.18306224
0.1800768
0.17713901
0.17424718
0.17140126
0.16860002
0.16584258
0.16312906
0.16045737
0.15782833
0.15523975
0.15269132
0.15018338
0.14771391
0.14528309
0.14289023
0.1405346
0.13821512
0.13593256
0.13368477
0.13147208
0.6527959
0.6414244
0.630227
0.61924803
0.60851765
0.59804535
0.5878276
0.57785296
0.56810665
0.55857456
0.5492434
0.5401016
0.5311394
0.5223476
0.5137205
0.50525075
0.4969343
0.48876584
0.48074147
0.47285762
0.46511087
0.45749766
0.45001462
0.4426597
0.43542972
0.4283216
0.4213333
0.4144622
0.40770528
0.40106085
0.39452618
0.38809967
0.38177937
0.37556276
0.36944807
0.3634335
0.35751733
0.35169753
0.34597304
0.34034154
0.3348019
0.32935262
0.32399204
0.3187187
0.3135315
0.30842838
0.30340883
0.29847077
0.29361352
0.28883567
0.28413555
0.27951202
0.27496433
0.2704908
0.26609024
0.2617617
0.25750357
0.25331578
0.2491957
0.24514256
0.24115615
0.23723488
0.23337682
0.22958212
0.22584885
0.22217624
0.21856368
0.2150095
0.21151231
0.20807205
0.20468737
0.2013572
0.1980804
0.1948563
0.19168435
0.18856226
0.18549053
0.18246786
0.17949311
0.17656577
0.17368451
0.17084931
0.16805868
0.16531226
0.16260882
0.15994796
0.1573287
0.15475069
0.15221299
0.1497152
0.14725648
0.14483564
0.14245248
0.14010708
0.13779755
0.13552417
0.13328637
0.13108306
0.12891433
0.12677944
0.62840325
0.6176405
0.6069589
0.59643775
0.58612645
0.57604635
0.5661998
0.55658114
0.54717875
0.5379807
0.5289757
0.5201534
0.5115051
0.5030224
0.49469918
0.48652953
0.47850862
0.47063205
0.46289542
0.4552953
0.447828
0.44049025
0.43327916
0.42619157
0.41922525
0.4123765
0.4056433
0.39902318
0.39251408
0.3861127
0.3798179
0.37362707
0.3675381
0.36154947
0.35565865
0.34986475
0.34416565
0.3385596
0.33304456
0.32762
0.3222837
0.31703407
0.31187
0.30679035
0.30179366
0.2968782
0.29204294
0.28728658
0.2826081
0.2780058
0.2734784
0.26902565
0.26464522
0.26033658
0.2560985
0.25192958
0.24782921
0.24379545
0.23982781
0.23592518
0.23208608
0.22830945
0.22459482
0.22094055
0.21734571
0.21380933
0.21033038
0.20690812
0.20354111
0.20022827
0.19696924
0.19376262
0.19060794
0.18750341
0.18444902
0.18144347
0.17848569
0.17557539
0.17271145
0.16989248
0.16711874
0.1643885
0.16170163
0.15905721
0.15645443
0.15389249
0.15137075
0.1488886
0.1464452
0.14403994
0.14167231
0.13934164
0.13704738
0.13478892
0.13256572
0.13037694
0.12822208
0.12610121
0.12401293
0.1219572
0.6033541
0.59319985
0.5830424
0.5729919
0.5631138
0.55343974
0.5439791
0.5347295
0.52568376
0.51683193
0.5081648
0.49967283
0.4913489
0.48318505
0.4751758
0.4673155
0.45959923
0.452023
0.44458228
0.43727422
0.43009475
0.4230403
0.41610855
0.40929633
0.40259987
0.39601806
0.38954717
0.38318545
0.37692988
0.37077886
0.36472967
0.35878068
0.3529297
0.34717497
0.3415145
0.33594713
0.33047026
0.3250834
0.3197841
0.3145715
0.3094437
0.3043995
0.29943752
0.29455653
0.28975502
0.28503194
0.28038582
0.27581596
0.2713207
0.26689866
0.26254922
0.25827104
0.25406265
0.24992332
0.2458519
0.24184686
0.23790756
0.23403284
0.23022115
0.22647196
0.2227844
0.21915686
0.2155888
0.2120784
0.20862566
0.20522922
0.20188762
0.19860026
0.19536646
0.19218488
0.18905465
0.1859748
0.18294463
0.1799632
0.17702948
0.17414293
0.17130238
0.16850707
0.16575623
0.16304934
0.1603855
0.15776336
0.15518276
0.15264288
0.15014306
0.14768234
0.14526045
0.14287636
0.14052957
0.13821971
0.13594574
0.13370772
0.13150391
0.12933482
0.12719963
0.12509732
0.12302817
0.12099123
0.11898575
0.11701191
0.57768846
0.56813776
0.55850923
0.5489387
0.53950596
0.53025085
0.52118844
0.51232094
0.5036437
0.4951498
0.48683113
0.4786803
0.47069058
0.46285546
0.45516956
0.44762734
0.44022468
0.4329572
0.42582127
0.41881278
0.41192842
0.4051655
0.39852005
0.3919899
0.3855714
0.37926307
0.37306118
0.36696395
0.3609691
0.35507417
0.34927714
0.34357575
0.33796886
0.33245388
0.32702985
0.32169387
0.31644574
0.31128305
0.3062047
0.30120918
0.2962952
0.29146117
0.2867063
0.28202873
0.27742773
0.27290162
0.26844987
0.26407057
0.25976327
0.25552607
0.25135863
0.24725917
0.24322711
0.239261
0.23535998
0.23152271
0.22774863
0.22403641
0.22038515
0.21679346
0.21326086
0.20978586
0.20636758
0.2030054
0.19969791
0.19644415
0.19324341
0.19009452
0.18699688
0.1839491
0.18095104
0.17800118
0.17509915
0.17224354
0.16943336
0.16666862
0.16394788
0.16127053
0.15863566
0.15604289
0.15349111
0.15097976
0.14850788
0.14607519
0.14368106
0.14132394
0.1390044
0.13672093
0.13447307
0.13226049
0.13008277
0.12793842
0.12582774
0.12375058
0.12170478
0.1196917
0.117709495
0.115758814
0.1138378
0.11194704
0.5514462
0.54248834
0.5333899
0.52430683
0.5153295
0.50650465
0.49785197
0.48937792
0.48108065
0.47295555
0.46499586
0.45719653
0.44955122
0.4420541
0.43470022
0.42748505
0.42040423
0.41345385
0.40662992
0.39992926
0.3933479
0.38688284
0.38053125
0.3742903
0.36815664
0.36212802
0.35620198
0.3503755
0.3446474
0.33901456
0.3334756
0.3280281
0.3226705
0.31740126
0.31221783
0.30712005
0.30210534
0.29717228
0.2923201
0.28754663
0.28285146
0.27823249
0.27368933
0.26922062
0.26482397
0.26049972
0.25624582
0.25206217
0.24794687
0.2438987
0.23991692
0.2360009
0.2321487
0.22835991
0.22463353
0.22096822
0.21736321
0.21381716
0.21032937
0.20689896
0.20352443
0.20020579
0.1969408
0.19372931
0.19057055
0.18746324
0.18440627
0.18139891
0.17844114
0.17553042
0.17266716
0.16985005
0.16707833
0.16435093
0.16166766
0.15902705
0.15642896
0.1538725
0.15135637
0.14888005
0.14644311
0.14404465
0.14168447
0.13936116
0.13707478
0.1348239
0.13260828
0.1304278
0.12828103
0.1261683
0.124087945
0.12204081
0.12002478
0.11804062
0.11608762
0.114164755
0.112272136
0.1104087
0.10857446
0.10676897
0.5246654
0.5162871
0.5077169
0.4991255
0.49061155
0.48222637
0.47399443
0.4659243
0.4580175
0.45027152
0.44268134
0.4352431
0.42795116
0.42080086
0.41378817
0.40690845
0.40015793
0.3935322
0.3870285
0.38064262
0.37437117
0.3682117
0.3621607
0.3562153
0.35037264
0.34463036
0.33898574
0.3334367
0.3279808
0.3226161
0.31734052
0.3121528
0.30705005
0.3020312
0.29709488
0.29223928
0.28746325
0.282765
0.2781437
0.27359766
0.2691258
0.26472658
0.26039925
0.25614297
0.25195596
0.24783769
0.24378692
0.23980226
0.23588312
0.2320282
0.22823669
0.22450729
0.22083911
0.21723145
0.21368349
0.21019329
0.2067607
0.20338477
0.20006393
0.19679795
0.1935854
0.1904257
0.1873175
0.18426014
0.18125315
0.17829512
0.17538525
0.1725223
0.16970639
0.16693586
0.16421047
0.16152877
0.15889078
0.15629454
0.15374073
0.15122716
0.14875393
0.1463199
0.14392522
0.14156811
0.13924852
0.13696557
0.13471872
0.13250728
0.13033088
0.128188
0.12607905
0.12400321
0.12196019
0.1199487
0.1179686
0.116019316
0.1141008
0.11221215
0.11035274
0.10852233
0.10672036
0.10494703
0.10320092
0.101482496
0.49738345
0.4895674
0.48152077
0.47342402
0.4653794
0.45744276
0.44964033
0.44198456
0.43447822
0.42712086
0.41990995
0.4128416
0.4059127
0.39911807
0.39245462
0.3859184
0.37950578
0.37321278
0.36703637
0.36097226
0.3550182
0.3491702
0.3434261
0.33778286
0.33223733
0.32678714
0.32143024
0.31616387
0.31098598
0.30589524
0.30088854
0.29596493
0.29112256
0.28635994
0.28167525
0.27706698
0.27253443
0.26807562
0.26368973
0.2593753
0.25513133
0.2509564
0.24685001
0.24281055
0.23883706
0.23492871
0.23108457
0.22730331
0.22358458
0.2199263
0.21632834
0.21278973
0.20930961
0.20588666
0.20252024
0.19920869
0.19595213
0.19274916
0.1895988
0.18650046
0.18345289
0.18045586
0.17750712
0.17460757
0.17175467
0.16894917
0.16618869
0.16347346
0.16080265
0.15817466
0.15558958
0.15304607
0.15054391
0.14808182
0.14565907
0.14327532
0.14092956
0.1386211
0.13634986
0.13411444
0.13191414
0.1297492
0.12761751
0.12552017
0.12345575
0.12142369
0.11942322
0.11745459
0.11551628
0.113608226
0.111730166
0.10988165
0.108061716
0.106269926
0.10450646
0.10277019
0.10106109
0.09937912
0.097723275
0.09609318
0.4696357
0.4623633
0.45483413
0.44723204
0.43966192
0.4321806
0.42481625
0.41758338
0.41048658
0.40352756
0.39670452
0.3900157
0.38345754
0.3770273
0.37072152
0.36453667
0.3584694
0.35251603
0.34667346
0.3409386
0.33530775
0.32977834
0.32434717
0.31901175
0.31376952
0.3086172
0.30355313
0.2985751
0.29368082
0.28886858
0.2841362
0.27948192
0.27490458
0.27040246
0.26597446
0.26161832
0.25733376
0.25311875
0.24897265
0.24489419
0.24088244
0.23693627
0.23305424
0.22923583
0.22547999
0.2217857
0.21815182
0.21457776
0.21106277
0.20760529
0.20420493
0.20086056
0.19757117
0.1943365
0.19115457
0.1880256
0.18494833
0.18192174
0.17894472
0.17601717
0.1731378
0.17030561
0.16751994
0.16478017
0.16208495
0.15943435
0.15682662
0.15426141
0.15173814
0.14925545
0.14681338
0.14441061
0.14204659
0.13972075
0.13743201
0.13518009
0.13296413
0.13078372
0.12863734
0.12652579
0.12444763
0.122402176
0.12038867
0.11840736
0.11645693
0.114536986
0.112647034
0.11078701
0.10895605
0.10715368
0.10537959
0.1036328
0.10191339
0.10022089
0.0985546
0.096914485
0.09530001
0.09371032
0.092146434
0.090606265
0.4414574
0.4347082
0.42768785
0.4205794
0.41348684
0.40646666
0.39954817
0.39274624
0.3860678
0.37951565
0.3730893
0.3667881
0.36060935
0.35455132
0.3486108
0.3427845
0.33706933
0.3314629
0.32596084
0.32056102
0.3152601
0.3100549
0.30494273
0.2999208
0.29498696
0.29013813
0.2853723
0.28068766
0.27608147
0.27155274
0.26709932
0.26271942
0.25841197
0.25417495
0.25000754
0.24590811
0.2418759
0.23790926
0.23400712
0.23016864
0.22639324
0.2226792
0.21902607
0.21543247
0.21189767
0.20842126
0.2050015
0.20163871
0.19833052
0.19507724
0.19187781
0.18873098
0.18563583
0.18259236
0.1795988
0.17665496
0.17375988
0.17091277
0.16811223
0.16535811
0.16264963
0.15998545
0.15736532
0.15478827
0.15225343
0.14975998
0.14730732
0.14489518
0.14252149
0.14018725
0.13789004
0.13563028
0.13340715
0.13121979
0.12906747
0.12694943
0.12486561
0.12281501
0.12079673
0.11881085
0.116855845
0.11493191
0.113038555
0.111174926
0.10934077
0.10753502
0.10575781
0.104008324
0.1022861
0.10059102
0.09892223
0.09727921
0.09566216
0.09407024
0.09250338
0.09096067
0.08944208
0.08794699
0.086476065
0.08502749
0.4128806
0.40663305
0.40011275
0.39349592
0.38688308
0.38032907
0.37386236
0.36749914
0.3612467
0.35510942
0.34908798
0.34318238
0.33739105
0.33171284
0.3261443
0.3206839
0.31532842
0.31007463
0.3049198
0.2998615
0.29489577
0.29002026
0.28523234
0.28052947
0.27590927
0.27136832
0.26690608
0.26251945
0.25820643
0.25396612
0.24979559
0.24569473
0.24166101
0.23769344
0.23379125
0.22995235
0.22617643
0.22246219
0.21880807
0.21521343
0.21167798
0.20820026
0.20477892
0.20141412
0.19810435
0.19484875
0.19164692
0.1884977
0.18540066
0.18235447
0.17935894
0.1764127
0.17351565
0.17066635
0.1678642
0.1651082
0.16239819
0.15973298
0.15711215
0.15453438
0.15199922
0.14950588
0.1470538
0.14464201
0.14226967
0.13993637
0.13764147
0.13538367
0.13316283
0.13097835
0.12882912
0.1267146
0.12463396
0.12258746
0.120573476
0.11859185
0.116641805
0.114722855
0.11283449
0.110975794
0.10914698
0.10734646
0.105574794
0.10383096
0.10211448
0.10042492
0.09876171
0.097124666
0.09551307
0.09392675
0.09236527
0.09082769
0.08931431
0.08782465
0.086358
0.08491457
0.083493404
0.082094826
0.08071792
0.07936274
0.3839361
0.37817013
0.37213922
0.36601132
0.35987923
0.35379508
0.34778643
0.341868
0.3360498
0.33033472
0.3247258
0.31922325
0.31382665
0.308535
0.3033459
0.2982578
0.29326764
0.2883733
0.28357148
0.2788597
0.2742348
0.26969472
0.26523614
0.2608568
0.25655484
0.25232723
0.24817228
0.24408855
0.24007294
0.23612468
0.23224238
0.22842397
0.22466847
0.22097456
0.21734074
0.21376666
0.21025084
0.2067923
0.20338999
0.20004322
0.19675101
0.19351289
0.19032755
0.18719438
0.18411279
0.18108197
0.17810091
0.17516914
0.17228588
0.16944991
0.1666613
0.16391881
0.16122189
0.15856956
0.15596142
0.15339668
0.15087429
0.14839405
0.1459547
0.14355627
0.14119713
0.13887686
0.13659507
0.13435085
0.13214378
0.12997286
0.1278378
0.12573715
0.12367084
0.121638425
0.119638704
0.11767162
0.11573606
0.11383202
0.111958355
0.11011481
0.10830075
0.106515676
0.10475839
0.10302952
0.10132771
0.099653326
0.09800497
0.09638256
0.09478547
0.09321346
0.09166612
0.09014306
0.08864341
0.08716764
0.08571447
0.08428439
0.08287624
0.08149025
0.08012573
0.07878279
0.07746048
0.0761592
0.07487801
0.0736169
0.35465395
0.34934995
0.34379897
0.3381556
0.3325054
0.32689422
0.32134786
0.3158812
0.31050274
0.30521736
0.300028
0.29493552
0.28994057
0.28504193
0.2802388
0.27552897
0.27091065
0.26638094
0.26193747
0.25757736
0.25329885
0.2490985
0.24497391
0.24092318
0.23694399
0.2330333
0.22919089
0.22541305
0.22169946
0.21804747
0.21445656
0.21092497
0.20745099
0.20403443
0.20067349
0.19736733
0.194115
0.1909157
0.18776853
0.18467298
0.18162763
0.1786322
0.17568584
0.17278782
0.16993785
0.16713375
0.16437681
0.16166557
0.15899855
0.15637633
0.15379712
0.15126133
0.1487676
0.14631478
0.14390334
0.14153205
0.1392003
0.13690713
0.13465199
0.13243459
0.13025391
0.12810966
0.12600024
0.12392588
0.121886045
0.11987943
0.11790602
0.11596466
0.11405503
0.11217691
0.11032869
0.108511075
0.10672241
0.10496244
0.10323106
0.1015274
0.099850915
0.09820099
0.096577525
0.09497971
0.09340703
0.091859356
0.09033594
0.08883679
0.08736095
0.08590825
0.08447799
0.08307027
0.08168442
0.08032029
0.07897747
0.077655576
0.07635437
0.07507328
0.07381222
0.07257098
0.07134892
0.07014612
0.06896222
0.06779699
0.32506204
0.32020238
0.3151219
0.30995935
0.30479002
0.29965442
0.29457504
0.2895653
0.28463283
0.27978325
0.2750197
0.27034417
0.26575688
0.26125816
0.2568468
0.25252092
0.24827957
0.24411987
0.24003978
0.23603654
0.2321087
0.22825268
0.22446673
0.22074829
0.21709582
0.21350674
0.20997952
0.20651269
0.20310389
0.19975214
0.19645622
0.19321442
0.1900262
0.18689004
0.18380505
0.18077037
0.17778493
0.17484835
0.17195939
0.16911773
0.16632263
0.16357306
0.16086848
0.15820839
0.15559205
0.15301916
0.15048864
0.14800017
0.145553
0.14314646
0.14078002
0.13845287
0.13616481
0.13391457
0.13170189
0.12952629
0.12738681
0.12528345
0.12321497
0.1211808
0.11918073
0.11721396
0.1152794
0.11337726
0.11150621
0.10966609
0.10785633
0.10607623
0.1043252
0.10260291
0.10090828
0.0992414
0.0976013
0.09598754
0.09439994
0.092838
0.09130073
0.08978806
0.08829921
0.086834244
0.08539215
0.08397304
0.08257616
0.08120139
0.079848155
0.07851568
0.07720442
0.07591351
0.07464272
0.07339195
0.07216041
0.070948094
0.069754824
0.06858003
0.06742374
0.06628525
0.065164804
0.064061835
0.06297629
0.061907977
0.29518676
0.29075575
0.2861373
0.2814521
0.27676356
0.27210563
0.26749665
0.26294786
0.2584671
0.25405934
0.2497276
0.24547493
0.24130116
0.2372079
0.23319304
0.22925688
0.22539727
0.2216126
0.21790025
0.21425878
0.21068539
0.20717773
0.20373435
0.2003525
0.19703045
0.19376637
0.19055822
0.18740518
0.18430516
0.18125708
0.17825896
0.17531033
0.17241074
0.16955832
0.1667524
0.16399166
0.16127671
0.15860535
0.15597786
0.15339307
0.15085045
0.1483498
0.14589016
0.14347073
0.1410914
0.13875142
0.1364501
0.13418728
0.13196155
0.1297737
0.12762184
0.12550604
0.12342565
0.1213801
0.11936892
0.11739121
0.115446605
0.11353484
0.11165499
0.10980657
0.107988685
0.106201485
0.10444343
0.10271493
0.101014845
0.0993434
0.09769888
0.09608138
0.09449076
0.092926
0.09138642
0.08987208
0.0883823
0.086916625
0.08547412
0.08405501
0.082658865
0.08128423
0.07993177
0.07860111
0.07729099
0.07600197
0.07473287
0.07348369
0.07225418
0.071044
0.069852516
0.068679616
0.06752517
0.066388726
0.0652701
0.06416833
0.063084245
0.062017016
0.060966473
0.059931926
0.05891407
0.057912167
0.056926046
0.0559554
0.26505268
0.26103827
0.2568744
0.25266367
0.24845575
0.24427706
0.24014123
0.23605806
0.23203358
0.22807267
0.22417808
0.22035308
0.21659851
0.21291524
0.20930302
0.20576097
0.20228809
0.19888203
0.19554204
0.1922657
0.1890509
0.1858954
0.18279782
0.17975557
0.17676784
0.17383191
0.17094629
0.16811006
0.1653216
0.16257954
0.15988296
0.1572312
0.15462261
0.15205668
0.1495322
0.14704932
0.14460658
0.14220378
0.13984
0.13751462
0.13522778
0.13297808
0.13076541
0.12858927
0.12644902
0.12434484
0.122274905
0.1202395
0.1182387
0.11627098
0.114336155
0.11243397
0.11056363
0.10872452
0.10691635
0.10513877
0.10339138
0.101672985
0.09998327
0.09832215
0.09668886
0.095082596
0.093503214
0.091950186
0.09042276
0.0889211
0.087443896
0.08599067
0.08456176
0.08315607
0.08177331
0.080412805
0.07907458
0.07775763
0.07646251
0.07518748
0.07393325
0.07269884
0.07148397
0.07028853
0.06911184
0.06795383
0.06681394
0.0656917
0.06458727
0.06350012
0.062429544
0.061376363
0.060339224
0.05931814
0.058313068
0.057323605
0.05634959
0.055390675
0.054446768
0.053517975
0.052603684
0.051703475
0.050817575
0.049946032
0.23468488
0.23107754
0.22736372
0.22362404
0.21989617
0.21619757
0.2125382
0.20892413
0.20535986
0.20185001
0.19839786
0.19500533
0.19167443
0.18840611
0.18520015
0.18205683
0.17897423
0.17595154
0.17298748
0.17007937
0.16722676
0.16442713
0.16167843
0.15897948
0.15632804
0.15372299
0.15116309
0.14864656
0.14617248
0.14373963
0.14134696
0.13899362
0.13667911
0.1344021
0.13216251
0.12995887
0.12779129
0.1256587
0.12356125
0.12149803
0.1194687
0.11747294
0.11550954
0.113578886
0.111680366
0.10981332
0.107977204
0.106171966
0.10439702
0.10265178
0.10093592
0.09924911
0.09759073
0.09596026
0.09435735
0.09278146
0.09123234
0.08970915
0.088211976
0.08673937
0.08529216
0.08386866
0.08246922
0.08109332
0.07973991
0.07840958
0.07710068
0.0758134
0.07454768
0.07330244
0.072077624
0.07087262
0.06968729
0.06852107
0.06737321
0.0662445
0.06513308
0.06403969
0.06296368
0.061904587
0.060862772
0.059836715
0.058826983
0.05783313
0.056854613
0.05589159
0.05494355
0.054010168
0.053091552
0.05218703
0.051296428
0.05042016
0.049557358
0.04870807
0.047871932
0.047048837
0.04623909
0.04544181
0.044657014
0.043884993
0.20410487
0.20090003
0.19763298
0.19436331
0.19111533
0.18789846
0.18471743
0.18157487
0.17847492
0.1754201
0.17241354
0.169458
0.16655496
0.16370523
0.1609099
0.15816858
0.1554803
0.15284437
0.15025915
0.14772344
0.14523551
0.14279397
0.14039737
0.1380437
0.13573214
0.1334607
0.13122846
0.1290342
0.12687658
0.12475537
0.122668885
0.12061657
0.118598334
0.11661263
0.114659436
0.11273796
0.1108473
0.108988024
0.10715909
0.105359845
0.10359014
0.10184986
0.10013796
0.09845476
0.09679923
0.09517165
0.09357143
0.09199812
0.0904509
0.08893031
0.08743506
0.08596511
0.084520474
0.08310002
0.08170384
0.08033151
0.07898237
0.077655785
0.076352276
0.07506996
0.07380997
0.072571285
0.0713529
0.070155464
0.0689774
0.06781921
0.06668039
0.065560356
0.064458795
0.06337525
0.062309437
0.061261017
0.060229868
0.059214845
0.058216248
0.057234038
0.056267347
0.055315804
0.054379787
0.05345836
0.052551523
0.051659033
0.05078052
0.04991552
0.04906433
0.048226047
0.047401268
0.046588942
0.04578925
0.045002412
0.044227798
0.043465056
0.04271403
0.04197501
0.041247383
0.040531665
0.039826665
0.039133377
0.03845078
0.037779164
0.1733359
0.1705325
0.16771099
0.16491096
0.16214316
0.15940945
0.15670832
0.15404044
0.15140687
0.1488106
0.1462536
0.14373782
0.1412659
0.13883892
0.13645725
0.13412115
0.13183036
0.12958342
0.12738031
0.1252193
0.12309886
0.12101837
0.11897558
0.11696979
0.11500027
0.11306457
0.11116198
0.109292105
0.10745386
0.105645694
0.10386764
0.10211892
0.10039861
0.09870606
0.09704121
0.095403604
0.09379244
0.09220751
0.09064837
0.089115046
0.08760706
0.086124115
0.08466566
0.083231635
0.0818212
0.080434725
0.07907171
0.07773161
0.07641421
0.0751192
0.07384666
0.072595306
0.07136536
0.070156865
0.06896871
0.06780118
0.06665305
0.06552459
0.064415775
0.06332567
0.062254224
0.061200693
0.06016505
0.059146944
0.05814596
0.057161372
0.056193527
0.055241495
0.05430529
0.05338446
0.052478537
0.051587738
0.050711237
0.04984901
0.04900062
0.048165776
0.04734457
0.04653575
0.045740657
0.044957872
0.044186834
0.043428507
0.04268193
0.04194696
0.04122336
0.040511474
0.039810006
0.039119896
0.03844023
0.03777139
0.037113104
0.036464922
0.03582692
0.035198744
0.034580592
0.03397218
0.033373326
0.03278413
0.032204196
0.031633984
0.14240052
0.14000137
0.1376263
0.13529673
0.13301037
0.13076009
0.1285409
0.1263492
0.1241853
0.122049496
0.11994426
0.11787205
0.115834154
0.113832235
0.11186701
0.109938934
0.10804761
0.10619274
0.104374014
0.10258941
0.10083944
0.099121526
0.09743492
0.095779456
0.09415298
0.09255514
0.090984374
0.089440495
0.087922804
0.08642989
0.08496181
0.083517894
0.08209715
0.080699876
0.07932516
0.07797268
0.07664249
0.07533404
0.07404706
0.0727811
0.071536236
0.0703119
0.06910812
0.06792466
0.06676075
0.065617114
0.06449257
0.06338721
0.062300917
0.061232995
0.060183734
0.059152264
0.05813904
0.057142816
0.05616433
0.055202264
0.054257415
0.053328052
0.05241506
0.051517755
0.05063587
0.049768906
0.04891682
0.048078887
0.047255438
0.046445653
0.045649704
0.04486666
0.044097014
0.043339763
0.042594925
0.04186233
0.041141704
0.040432677
0.039735008
0.03904874
0.038373336
0.03770883
0.037054807
0.03641103
0.035777163
0.035153713
0.03453978
0.03393518
0.03334043
0.032754548
0.032177795
0.031610526
0.031051716
0.030501632
0.02995998
0.029426891
0.02890248
0.028385783
0.027877668
0.027377589
0.02688517
0.026401173
0.025924526
0.025455646
0.11132106
0.10933143
0.10740767
0.10555007
0.10374589
0.10198104
0.10024485
0.09853105
0.09683761
0.09516516
0.093514465
0.09188721
0.090285696
0.088711016
0.08716448
0.08564629
0.08415686
0.08269612
0.081262894
0.079857536
0.07847879
0.07712568
0.075797155
0.074492775
0.07321174
0.07195289
0.070715465
0.06949903
0.06830337
0.067127235
0.06597041
0.06483258
0.06371303
0.06261198
0.06152886
0.06046348
0.059415475
0.058384415
0.057370152
0.05637298
0.055392444
0.054428212
0.053480603
0.05254912
0.051633213
0.050732583
0.049848206
0.048978817
0.048124544
0.047285195
0.04646034
0.04564988
0.044853624
0.044071764
0.04330358
0.042548396
0.04180634
0.04107792
0.04036156
0.039658085
0.03896637
0.038287144
0.037619382
0.036962777
0.036317293
0.035683215
0.035059735
0.03444646
0.03384366
0.033250846
0.03266776
0.032094132
0.031530023
0.030975116
0.030429019
0.029891763
0.029362895
0.028842844
0.028330507
0.027826715
0.027330529
0.02684215
0.026361497
0.025888396
0.025422491
0.024963617
0.024512248
0.024067828
0.023630409
0.023199778
0.022775408
0.022358239
0.02194749
0.021543164
0.021145038
0.02075382
0.02036854
0.019989787
0.019617062
0.01925037
0.08012043
0.07855121
0.07708284
0.075701
0.07438103
0.07310254
0.071850225
0.070615634
0.069394484
0.06818619
0.06699107
0.06581076
0.06464727
0.06350126
0.06237483
0.061268594
0.06018262
0.059116915
0.05807159
0.057046246
0.056040242
0.055053007
0.054083697
0.053132147
0.0521973
0.05127866
0.050375815
0.04948821
0.048615493
0.047757015
0.046912696
0.046082385
0.045264978
0.044461332
0.04367077
0.042893026
0.042127933
0.041375414
0.040635563
0.039908014
0.039192893
0.03848997
0.03779897
0.037119966
0.03645265
0.03579761
0.035152983
0.034520943
0.03389938
0.033289623
0.032690194
0.032101616
0.031523615
0.030956293
0.030398712
0.029851327
0.02931378
0.028785905
0.028267385
0.027757881
0.027257843
0.02676629
0.02628336
0.025809206
0.025342982
0.024884578
0.024434002
0.023991415
0.023556018
0.023128193
0.022707047
0.022293137
0.021885881
0.021485718
0.021091241
0.020703651
0.020321889
0.019946584
0.019576948
0.019213518
0.018855501
0.018502556
0.018155899
0.017814117
0.017477822
0.017146792
0.016820775
0.016500155
0.016184075
0.015873285
0.015567016
0.015265988
0.014969098
0.014677351
0.014390423
0.014107865
0.013830221
0.013557048
0.013288441
0.013024571
0.048823602
0.047686655
0.046681374
0.045779042
0.044945322
0.044154473
0.043387245
0.042632453
0.041884292
0.041140664
0.04040249
0.03966976
0.038945004
0.03822931
0.03752413
0.036830373
0.03614845
0.035479385
0.0348225
0.03417842
0.03354586
0.032925293
0.032316342
0.03171788
0.031130543
0.030552836
0.029985914
0.029427584
0.028878383
0.028338686
0.02780739
0.02728494
0.026770825
0.026265148
0.02576768
0.025278637
0.02479735
0.024324492
0.023859244
0.023402577
0.0229533
0.022512307
0.022078838
0.02165325
0.021235561
0.020825462
0.020422833
0.02002779
0.019639993
0.019259712
0.018886281
0.018520484
0.018161306
0.01780906
0.01746323
0.017124172
0.016790973
0.016464677
0.016144313
0.015829755
0.015521294
0.01521804
0.014920725
0.014628695
0.014341558
0.01406023
0.013783337
0.013511048
0.013244022
0.012981366
0.0127231795
0.012468917
0.012219159
0.011973378
0.011731625
0.0114940135
0.011259947
0.011029535
0.0108028045
0.010579596
0.0103600295
0.010143488
0.009930614
0.009721125
0.009514331
0.009310882
0.009111111
0.008914023
0.008720054
0.008529184
0.008341233
0.008156271
0.007974265
0.007795462
0.00761943
0.007446401
0.007276424
0.0071092644
0.0069449805
0.0067839283
0.017455677
0.016765153
0.016231649
0.015813295
0.015469266
0.015167365
0.014885908
0.0146107515
0.014335397
0.014057568
0.013776007
0.013491567
0.013206059
0.012920587
0.012637282
0.012356131
0.012079697
0.0118072545
0.011539516
0.011276626
0.011018609
0.010765333
0.010516645
0.010272524
0.010032611
0.0097970385
0.009565162
0.009337372
0.009112199
0.008891269
0.008674116
0.00845998
0.008249553
0.008042255
0.007838449
0.0076383315
0.00744126
0.007248271
0.0070587513
0.006872475
0.006689995
0.0065109655
0.0063357954
0.0061642374
0.0059964643
0.0058317455
0.0056709293
0.0055138688
0.005360078
0.005209961
0.005063412
0.0049201334
0.004779634
0.004642784
0.004509057
0.004378414
0.0042509288
0.0041261786
0.0040040207
0.0038848657
0.003768355
0.0036539305
0.0035422924
0.0034329866
0.0033258782
0.0032206844
0.0031177036
0.0030167866
0.0029174043
0.0028206068
0.0027250317
0.002631438
0.0025389476
0.002448401
0.0023594715
0.0022716145
0.002185047
0.0020999243
0.0020165676
0.00193406
0.0018529757
0.001773009
0.0016944503
0.0016168676
0.0015400373
0.0014650475
0.0013908326
0.0013177275
0.0012462541
0.0011751162
0.0011059897
0.0010372507
0.00097013597
0.00090410153
0.00083948276
0.0007754301
0.0007138064
0.0006524658
0.0005932262
0.00053506705
-0.013957067
-0.014184181
-0.014236555
-0.01416535
-0.014017882
-0.013829536
-0.013625332
-0.013419943
-0.013222126
-0.013035322
-0.012860634
-0.0126976045
-0.012543917
-0.012398818
-0.012260846
-0.0121282665
-0.012000069
-0.01187576
-0.011754503
-0.011635644
-0.011519329
-0.011405184
-0.011293464
-0.01118326
-0.011075308
-0.010969023
-0.010865599
-0.010763576
-0.010663525
-0.010565286
-0.01046911
-0.010374251
-0.010281197
-0.010189593
-0.010099511
-0.010010298
-0.009923053
-0.009835898
-0.009750158
-0.009665303
-0.009581178
-0.009497487
-0.009414673
-0.009332113
-0.009250157
-0.009168788
-0.009087532
-0.009006655
-0.008925994
-0.008845907
-0.008766005
-0.008686736
-0.008607469
-0.008528737
-0.008450273
-0.008372309
-0.008294373
-0.008217518
-0.00814108
-0.008065178
-0.007989858
-0.007915141
-0.00784064
-0.0077677104
-0.007694819
-0.007623081
-0.0075519173
-0.0074820346
-0.007412584
-0.0073442957
-0.007276878
-0.007210603
-0.007145227
-0.007080284
-0.00701715
-0.0069546127
-0.0068930895
-0.006832966
-0.006773558
-0.0067149694
-0.006657245
-0.006601226
-0.0065455725
-0.0064910515
-0.0064372686
-0.006384512
-0.00633251
-0.0062814904
-0.0062310817
-0.0061815814
-0.0061324993
-0.00608414
-0.0060371575
-0.0059897886
-0.0059435293
-0.005897435
-0.005851421
-0.0058065183
-0.0057614064
-0.005716623
-0.04538451
-0.04513263
-0.044693407
-0.0441271
-0.04348471
-0.0428053
-0.042114828
-0.041430235
-0.040760398
-0.040109586
-0.03947885
-0.03886882
-0.038277224
-0.0377027
-0.037143677
-0.0365983
-0.036066003
-0.03554533
-0.035035055
-0.03453485
-0.034044486
-0.03356372
-0.033091146
-0.032627232
-0.032171726
-0.031724617
-0.03128506
-0.03085303
-0.030428894
-0.030011578
-0.029601665
-0.02919857
-0.028801747
-0.028411867
-0.028027808
-0.027649872
-0.027277602
-0.026911004
-0.026550245
-0.02619399
-0.025843162
-0.025497595
-0.02515665
-0.024820207
-0.024488492
-0.02416092
-0.02383767
-0.023519024
-0.023204505
-0.022894034
-0.022587646
-0.022285396
-0.021987196
-0.021692673
-0.021402184
-0.021115607
-0.020833213
-0.020554233
-0.020279186
-0.020007959
-0.019740565
-0.019477148
-0.019217296
-0.018961275
-0.01870919
-0.01846045
-0.018215654
-0.017974162
-0.017736947
-0.017503079
-0.0172729
-0.017046368
-0.016823241
-0.016603645
-0.016387697
-0.016175052
-0.015966035
-0.015760282
-0.01555772
-0.015358659
-0.015162472
-0.014969612
-0.014779784
-0.014593504
-0.014409566
-0.014228766
-0.014050991
-0.013875878
-0.013703422
-0.013533775
-0.013366391
-0.013201799
-0.013039427
-0.012879445
-0.012721676
-0.0125660645
-0.012412598
-0.012261003
-0.012111477
-0.011963813
-0.076799005
-0.07604954
-0.075108744
-0.07404186
-0.07290215
-0.07173055
-0.07055455
-0.069391094
-0.06825063
-0.067137495
-0.06605266
-0.06499704
-0.0639684
-0.062965676
-0.061986722
-0.06102989
-0.06009412
-0.059177965
-0.05827974
-0.057399396
-0.056535937
-0.055688158
-0.054856118
-0.0540389
-0.053236574
-0.052448224
-0.05167376
-0.05091266
-0.05016421
-0.049428742
-0.04870546
-0.047994282
-0.047294907
-0.04660632
-0.045929328
-0.04526275
-0.04460651
-0.043960605
-0.04332433
-0.042698156
-0.04208101
-0.04147322
-0.040874228
-0.040284485
-0.03970292
-0.039130453
-0.03856575
-0.038009237
-0.037461065
-0.036920656
-0.036387883
-0.03586354
-0.035346176
-0.03483661
-0.03433414
-0.033839464
-0.033351745
-0.032871634
-0.032398693
-0.031932417
-0.03147341
-0.031021005
-0.030576197
-0.030137459
-0.02970577
-0.029280724
-0.028862542
-0.028450647
-0.028045177
-0.02764601
-0.027253414
-0.026866779
-0.026486551
-0.026112078
-0.025743749
-0.025381114
-0.02502451
-0.024673708
-0.02432826
-0.023988528
-0.02365417
-0.023325216
-0.023001429
-0.022683084
-0.02236955
-0.022060884
-0.021757143
-0.02145829
-0.021163784
-0.02087421
-0.0205885
-0.020307723
-0.020030772
-0.019757897
-0.019489378
-0.019224124
-0.018963123
-0.018705737
-0.018451594
-0.018201211
-0.10816667
-0.1069044
-0.10545207
-0.10387899
-0.10223967
-0.10057546
-0.09891497
-0.09727407
-0.0956642
-0.09409021
-0.09255391
-0.091054246
-0.08959111
-0.08816147
-0.086764805
-0.085398056
-0.08406055
-0.082749605
-0.081465475
-0.08020553
-0.078969486
-0.077756904
-0.07656583
-0.07539696
-0.07424825
-0.07311961
-0.07201111
-0.07092141
-0.06985026
-0.068797015
-0.06776149
-0.06674305
-0.065741286
-0.0647556
-0.06378563
-0.0628313
-0.06189204
-0.060967058
-0.06005701
-0.059160423
-0.05827798
-0.0574087
-0.056553002
-0.055709664
-0.054879457
-0.05406195
-0.053256713
-0.052463114
-0.051681295
-0.050911814
-0.050153773
-0.0494065
-0.048671365
-0.04794692
-0.047233816
-0.046531204
-0.045839276
-0.045157865
-0.04448726
-0.04382665
-0.043176595
-0.04253646
-0.04190587
-0.04128582
-0.04067487
-0.04007382
-0.03948236
-0.038900375
-0.038326934
-0.037763305
-0.037208177
-0.03666199
-0.036124483
-0.035595775
-0.035075616
-0.03456389
-0.034059927
-0.033564266
-0.033076003
-0.03259622
-0.032124177
-0.03165938
-0.031202005
-0.030751767
-0.030308641
-0.029872315
-0.0294437
-0.029020905
-0.028604824
-0.028195523
-0.027792018
-0.027395017
-0.02700386
-0.026618572
-0.026238995
-0.025865052
-0.025496278
-0.0251331
-0.024774898
-0.024421649
-0.13945696
-0.13766435
-0.13569215
-0.13360773
-0.131467
-0.12931009
-0.12716514
-0.12504908
-0.12297283
-0.120940484
-0.1189541
-0.11701394
-0.11511781
-0.113264166
-0.11145138
-0.10967715
-0.10793953
-0.10623705
-0.10456766
-0.102930345
-0.10132362
-0.09974728
-0.0981992
-0.09667893
-0.09518571
-0.093718514
-0.092276834
-0.09085958
-0.089466766
-0.0880972
-0.08675041
-0.085425556
-0.084122404
-0.0828406
-0.081578866
-0.08033741
-0.0791159
-0.07791375
-0.076729916
-0.07556475
-0.07441732
-0.07328786
-0.07217556
-0.07108071
-0.0700025
-0.0689407
-0.06789477
-0.06686582
-0.06585158
-0.064853385
-0.063870415
-0.06290251
-0.061949637
-0.06101125
-0.060087476
-0.05917786
-0.058282427
-0.057400957
-0.05653288
-0.05567907
-0.054838017
-0.05401043
-0.053195734
-0.052393988
-0.051605042
-0.050828632
-0.05006437
-0.049312618
-0.048572276
-0.047844365
-0.0471277
-0.046422455
-0.045728724
-0.04504592
-0.044374347
-0.04371343
-0.043063078
-0.042422824
-0.041793164
-0.04117352
-0.040563837
-0.039963547
-0.03937291
-0.03879138
-0.03821962
-0.037656553
-0.03710203
-0.036556184
-0.03601924
-0.03549027
-0.03496971
-0.03445666
-0.033951618
-0.033454254
-0.032964524
-0.032481723
-0.032005753
-0.031537067
-0.031075474
-0.030620072
-0.17063548
-0.16829939
-0.16579796
-0.1631987
-0.16055457
-0.15790515
-0.15527774
-0.15268905
-0.15014847
-0.14766091
-0.14522825
-0.14284989
-0.14052433
-0.13824952
-0.13602334
-0.13384381
-0.13170868
-0.12961581
-0.12756403
-0.12555146
-0.12357632
-0.12163804
-0.119734414
-0.117865115
-0.116028875
-0.11422466
-0.11245153
-0.11070843
-0.108995415
-0.1073107
-0.105653726
-0.10402407
-0.102420904
-0.100844145
-0.09929239
-0.097765476
-0.09626237
-0.09478365
-0.09332766
-0.09189476
-0.090484075
-0.08909545
-0.087728
-0.08638221
-0.08505716
-0.083752275
-0.082467765
-0.08120337
-0.07995806
-0.07873217
-0.07752542
-0.07633749
-0.07516788
-0.07401651
-0.07288311
-0.071767345
-0.07066913
-0.0695881
-0.06852431
-0.067477636
-0.066447176
-0.06543283
-0.064434804
-0.06345267
-0.06248604
-0.06153469
-0.06059874
-0.059677806
-0.058771543
-0.057879888
-0.05700219
-0.0561388
-0.055289205
-0.054453425
-0.05363068
-0.052821312
-0.052024752
-0.051241387
-0.050470334
-0.04971132
-0.048964597
-0.04822989
-0.047506344
-0.046794746
-0.046093952
-0.045404185
-0.04472569
-0.044057563
-0.0433993
-0.042751938
-0.04211438
-0.0414861
-0.04086758
-0.040258802
-0.039658442
-0.03906782
-0.03848565
-0.03791209
-0.03734687
-0.03678941
-0.20166785
-0.1987747
-0.19573769
-0.19261965
-0.18947169
-0.1863309
-0.18322326
-0.18016447
-0.17716339
-0.17422393
-0.17134795
-0.16853526
-0.16578367
-0.16309106
-0.16045499
-0.15787339
-0.15534347
-0.15286365
-0.15043186
-0.14804623
-0.14570533
-0.14340702
-0.14115034
-0.13893394
-0.13675658
-0.13461697
-0.13251409
-0.13044736
-0.12841548
-0.12641738
-0.12445241
-0.12251971
-0.12061859
-0.11874807
-0.11690751
-0.115096554
-0.113314405
-0.111560345
-0.109833896
-0.10813487
-0.10646196
-0.10481571
-0.103194624
-0.101599
-0.100028284
-0.09848187
-0.09696005
-0.09546101
-0.09398628
-0.09253424
-0.091104925
-0.089697935
-0.08831318
-0.08694974
-0.085607916
-0.08428791
-0.08298828
-0.08170887
-0.08044989
-0.07921147
-0.07799187
-0.07679216
-0.07561115
-0.07444975
-0.07330627
-0.07218148
-0.07107491
-0.06998584
-0.068913944
-0.06785977
-0.06682214
-0.06580125
-0.06479671
-0.06380856
-0.06283597
-0.06187916
-0.060937513
-0.06001104
-0.059099305
-0.05820182
-0.05731901
-0.05644995
-0.05559459
-0.05475285
-0.05392465
-0.053108968
-0.05230636
-0.05151626
-0.050738443
-0.049972612
-0.049218234
-0.04847589
-0.047744673
-0.047024917
-0.046315707
-0.045617163
-0.044928767
-0.044250805
-0.04358255
-0.042924706
-0.23251861
-0.22905849
-0.22547941
-0.22184041
-0.21818836
-0.21455806
-0.21097282
-0.20744699
-0.20398876
-0.2006017
-0.19728754
-0.19404423
-0.19087026
-0.1877634
-0.184721
-0.18174112
-0.17882037
-0.1759565
-0.17314802
-0.1703917
-0.16768749
-0.16503195
-0.16242477
-0.159864
-0.15734829
-0.15487552
-0.15244558
-0.15005693
-0.1477086
-0.14539935
-0.14312804
-0.14089411
-0.13869667
-0.1365346
-0.13440745
-0.13231416
-0.13025407
-0.12822695
-0.1262316
-0.12426791
-0.12233485
-0.12043243
-0.118559346
-0.11671607
-0.114901595
-0.11311513
-0.111357056
-0.10962615
-0.107922606
-0.106245704
-0.10459549
-0.10297071
-0.10137205
-0.09979846
-0.09824975
-0.09672579
-0.09522583
-0.0937498
-0.09229722
-0.09086769
-0.08946096
-0.0880771
-0.08671485
-0.08537503
-0.08405648
-0.08275876
-0.081482016
-0.08022609
-0.07899028
-0.07777421
-0.076577626
-0.07539999
-0.07424175
-0.07310174
-0.071980655
-0.07087705
-0.0697912
-0.06872279
-0.06767101
-0.06663604
-0.06561816
-0.06461592
-0.06362944
-0.06265857
-0.061703302
-0.0607628
-0.059837032
-0.058925845
-0.05802885
-0.057145327
-0.056275707
-0.055419516
-0.05457632
-0.053745903
-0.05292812
-0.052122638
-0.051329345
-0.0505476
-0.04977765
-0.049019035
-0.2631533
-0.25911647
-0.25499108
-0.2508301
-0.24667525
-0.24255766
-0.23849829
-0.23450972
-0.23059867
-0.2267688
-0.22301991
-0.21935107
-0.21575932
-0.2122428
-0.20879857
-0.20542376
-0.20211545
-0.19887152
-0.19568945
-0.19256711
-0.18950202
-0.18649308
-0.18353832
-0.18063529
-0.17778309
-0.17498042
-0.17222579
-0.1695179
-0.16685516
-0.16423719
-0.1616624
-0.15912957
-0.15663807
-0.1541865
-0.15177459
-0.14940135
-0.14706586
-0.14476745
-0.14250511
-0.14027888
-0.13808787
-0.13593096
-0.13380823
-0.13171864
-0.12966159
-0.12763739
-0.12564494
-0.123683676
-0.121753566
-0.11985358
-0.11798372
-0.11614359
-0.1143324
-0.11254988
-0.110795826
-0.1090697
-0.10737102
-0.10569968
-0.10405466
-0.10243632
-0.10084352
-0.09927646
-0.09773428
-0.09621747
-0.09472461
-0.09325577
-0.091810636
-0.09038859
-0.08898979
-0.087613404
-0.08625883
-0.08492661
-0.083615
-0.0823254
-0.0810557
-0.079806924
-0.07857752
-0.077368215
-0.07617795
-0.07500663
-0.073853835
-0.07271983
-0.071603075
-0.070504256
-0.06942255
-0.06835834
-0.0673105
-0.06627888
-0.06526326
-0.06426324
-0.063278705
-0.062309984
-0.06135547
-0.06041556
-0.059489843
-0.05857832
-0.057680517
-0.056796085
-0.055924926
-0.05506651
-0.2935349
-0.2889156
-0.28424138
-0.27955788
-0.27490187
-0.27030003
-0.26577008
-0.2613233
-0.256965
-0.25269714
-0.24851908
-0.24442926
-0.24042487
-0.23650357
-0.23266219
-0.2288971
-0.2252058
-0.22158551
-0.21803394
-0.21454836
-0.21112694
-0.20776741
-0.20446815
-0.20122649
-0.19804189
-0.19491208
-0.19183552
-0.18881075
-0.185837
-0.18291278
-0.18003657
-0.17720717
-0.17442425
-0.17168629
-0.16899195
-0.16634065
-0.16373225
-0.16116446
-0.1586386
-0.15615177
-0.15370409
-0.15129556
-0.14892472
-0.1465917
-0.14429489
-0.14203447
-0.13980962
-0.13762018
-0.13546489
-0.13334426
-0.13125658
-0.12920251
-0.12718064
-0.1251914
-0.123234
-0.121307276
-0.11941184
-0.11754648
-0.115710765
-0.11390502
-0.11212774
-0.1103792
-0.108659066
-0.106966265
-0.10530107
-0.10366248
-0.10205044
-0.100463964
-0.098903604
-0.09736775
-0.09585694
-0.094370395
-0.09290778
-0.09146839
-0.09005245
-0.08865928
-0.08728789
-0.08593909
-0.08461091
-0.083304
-0.082018554
-0.08075293
-0.079507075
-0.07828161
-0.07707507
-0.07588779
-0.074718446
-0.07356775
-0.07243464
-0.07131918
-0.07022116
-0.06914001
-0.06807538
-0.06702711
-0.06599469
-0.064977735
-0.06397646
-0.06298977
-0.06201817
-0.061061062
-0.3236279
-0.31842178
-0.31319773
-0.30799332
-0.30283898
-0.2977574
-0.292762
-0.2878624
-0.28306127
-0.27836108
-0.27375978
-0.26925454
-0.26484346
-0.26052222
-0.2562881
-0.25213778
-0.2480682
-0.24407613
-0.24015962
-0.23631516
-0.23254113
-0.22883503
-0.22519459
-0.22161801
-0.21810414
-0.21465023
-0.21125495
-0.2079174
-0.20463553
-0.2014075
-0.1982331
-0.19511041
-0.19203867
-0.18901634
-0.1860425
-0.18311647
-0.18023708
-0.17740344
-0.1746152
-0.17187093
-0.1691701
-0.16651137
-0.16389559
-0.1613203
-0.1587862
-0.15629183
-0.15383735
-0.15142143
-0.14904378
-0.14670385
-0.14440109
-0.14213508
-0.13990527
-0.13771075
-0.1355514
-0.13342685
-0.13133617
-0.12927862
-0.12725459
-0.1252629
-0.123303205
-0.12137525
-0.11947838
-0.117611565
-0.1157754
-0.11396855
-0.112190574
-0.11044169
-0.10872071
-0.10702809
-0.10536215
-0.10372282
-0.10211021
-0.10052343
-0.09896196
-0.09742546
-0.09591381
-0.09442608
-0.09296218
-0.09152133
-0.09010359
-0.08870837
-0.087335184
-0.08598306
-0.08465317
-0.08334338
-0.08205434
-0.08078564
-0.07953626
-0.07830646
-0.07709586
-0.07590369
-0.07472965
-0.073573865
-0.0724356
-0.07131475
-0.07021078
-0.06912345
-0.06805221
-0.066997044
-0.3533949
-0.347601
-0.3418283
-0.33610606
-0.33045742
-0.3249001
-0.3194453
-0.314098
-0.30886152
-0.30373487
-0.29871577
-0.2938016
-0.28898934
-0.28427368
-0.279653
-0.2751228
-0.27067995
-0.26632118
-0.26204383
-0.25784528
-0.25372255
-0.24967407
-0.24569702
-0.2417898
-0.23794995
-0.23417543
-0.2304656
-0.2268177
-0.22323091
-0.219703
-0.21623364
-0.21282066
-0.2094637
-0.20616001
-0.2029101
-0.19971159
-0.1965647
-0.19346793
-0.19042052
-0.18742074
-0.18446892
-0.181564
-0.17870493
-0.17589107
-0.17312172
-0.17039613
-0.16771351
-0.16507399
-0.16247636
-0.15992014
-0.15740433
-0.15492849
-0.15249248
-0.1500956
-0.14773637
-0.14541563
-0.14313221
-0.14088479
-0.13867429
-0.1364988
-0.13435863
-0.13225287
-0.13018072
-0.12814233
-0.12613702
-0.1241635
-0.12222234
-0.120312296
-0.11843283
-0.11658376
-0.114764616
-0.11297455
-0.11121352
-0.10948068
-0.10777549
-0.10609764
-0.10444655
-0.10282192
-0.101223096
-0.099649884
-0.098101445
-0.096577525
-0.09507787
-0.09360148
-0.09214873
-0.090718485
-0.08931092
-0.08792524
-0.08656084
-0.08521783
-0.08389549
-0.08259364
-0.081311636
-0.0800496
-0.07880665
-0.07758269
-0.07637714
-0.0751902
-0.074020706
-0.07286869
-0.38279966
-0.37641886
-0.37010038
-0.36386406
-0.3577267
-0.35170025
-0.34579164
-0.3400042
-0.3343384
-0.32879192
-0.32336205
-0.3180454
-0.31283757
-0.3077351
-0.30273318
-0.29782894
-0.29301795
-0.28829786
-0.28366503
-0.27911696
-0.27465096
-0.27026457
-0.26595476
-0.26172048
-0.257559
-0.2534687
-0.24944752
-0.24549337
-0.24160533
-0.23778155
-0.23402031
-0.2303208
-0.22668111
-0.22310007
-0.21957693
-0.21611008
-0.21269818
-0.20934097
-0.20603734
-0.20278601
-0.19958603
-0.19643742
-0.19333796
-0.1902882
-0.18728688
-0.18433271
-0.18142557
-0.1785651
-0.17574961
-0.17297933
-0.17025289
-0.16757038
-0.16493061
-0.16233303
-0.15977736
-0.1572624
-0.15478835
-0.1523535
-0.14995816
-0.14760126
-0.14528263
-0.14300093
-0.14075667
-0.13854817
-0.13637541
-0.13423786
-0.13213447
-0.13006535
-0.12802932
-0.12602654
-0.124055825
-0.12211638
-0.12020862
-0.118331246
-0.116483815
-0.114666596
-0.11287772
-0.11111747
-0.109385744
-0.1076811
-0.10600374
-0.10435305
-0.102728136
-0.10112893
-0.09955503
-0.098005876
-0.096480526
-0.09497917
-0.09350136
-0.092046656
-0.09061389
-0.0892038
-0.08781519
-0.08644789
-0.08510138
-0.08377542
-0.08247031
-0.08118423
-0.079917714
-0.07867064
-0.41180557
-0.40484184
-0.39798293
-0.3912389
-0.38461927
-0.3781303
-0.37177527
-0.36555436
-0.35946646
-0.353508
-0.34767458
-0.3419626
-0.33636677
-0.33088252
-0.32550597
-0.32023343
-0.31506094
-0.3099847
-0.30500218
-0.30010977
-0.29530513
-0.29058543
-0.2859485
-0.28139186
-0.27691326
-0.27251068
-0.26818267
-0.2639268
-0.25974125
-0.25562486
-0.2515761
-0.24759322
-0.24367489
-0.23981984
-0.23602693
-0.23229484
-0.22862193
-0.22500823
-0.22145122
-0.21795152
-0.21450701
-0.2111173
-0.20778136
-0.2044983
-0.20126784
-0.19808818
-0.19495943
-0.19188046
-0.18885028
-0.18586864
-0.1829349
-0.18004781
-0.17720701
-0.17441165
-0.17166176
-0.16895518
-0.16629274
-0.16367313
-0.16109566
-0.1585598
-0.15606491
-0.15360992
-0.1511949
-0.14881867
-0.14648104
-0.1441812
-0.14191827
-0.13969219
-0.1375016
-0.13534628
-0.13322552
-0.13113958
-0.12908667
-0.12706676
-0.12507932
-0.12312361
-0.121199146
-0.11930546
-0.11744174
-0.115607806
-0.11380327
-0.11202692
-0.11027877
-0.10855791
-0.106864646
-0.10519738
-0.10355656
-0.10194169
-0.100351304
-0.09878578
-0.09724486
-0.09572724
-0.09423345
-0.09276241
-0.09131389
-0.089887924
-0.088483155
-0.087099954
-0.085737385
-0.084395766
-0.4403755
-0.4328361
-0.42544392
-0.41819933
-0.41110495
-0.40416172
-0.3973685
-0.39072257
-0.3842207
-0.3778577
-0.3716286
-0.36552793
-0.3595511
-0.35369274
-0.347949
-0.3423145
-0.33678615
-0.33136025
-0.3260333
-0.32080236
-0.3156647
-0.31061706
-0.3056574
-0.30078334
-0.29599229
-0.29128307
-0.2866518
-0.2820985
-0.27762014
-0.27321565
-0.268883
-0.2646212
-0.2604283
-0.25630346
-0.25224435
-0.24825019
-0.24431996
-0.24045283
-0.23664695
-0.23290199
-0.22921617
-0.22558928
-0.22201999
-0.21850723
-0.21505025
-0.2116486
-0.20830092
-0.20500712
-0.20176557
-0.19857578
-0.19543712
-0.19234833
-0.18930961
-0.18631975
-0.1833776
-0.18048258
-0.17763478
-0.17483224
-0.17207548
-0.16936275
-0.16669443
-0.16406919
-0.16148548
-0.15894389
-0.15644361
-0.15398356
-0.15156332
-0.14918198
-0.14683913
-0.14453435
-0.14226617
-0.1400346
-0.13783905
-0.13567822
-0.13355273
-0.13146098
-0.12940276
-0.12737697
-0.12538375
-0.12342184
-0.12149163
-0.11959162
-0.11772213
-0.11588146
-0.11407006
-0.11228721
-0.110532135
-0.10880434
-0.10710338
-0.105429225
-0.103780895
-0.10215791
-0.100560464
-0.09898717
-0.09743805
-0.095912635
-0.09441056
-0.09293139
-0.0914744
-0.09003972
-0.4684741
-0.460368
-0.45245183
-0.44471666
-0.43715692
-0.42976838
-0.42254594
-0.41548356
-0.40857634
-0.40181747
-0.39520046
-0.38871974
-0.38236955
-0.3761443
-0.37003943
-0.3640504
-0.35817298
-0.35240373
-0.3467387
-0.34117493
-0.33570954
-0.33033985
-0.325063
-0.3198765
-0.31477833
-0.30976602
-0.3048376
-0.29999122
-0.29522467
-0.2905366
-0.28592473
-0.28138846
-0.2769249
-0.27253354
-0.26821268
-0.2639611
-0.25977778
-0.255661
-0.25160977
-0.24762337
-0.24370012
-0.2398396
-0.23604013
-0.23230128
-0.22862205
-0.22500156
-0.22143844
-0.21793257
-0.21448253
-0.21108794
-0.20774771
-0.20446081
-0.20122683
-0.19804505
-0.19491418
-0.19183354
-0.18880302
-0.18582101
-0.18288733
-0.18000078
-0.17716123
-0.17436735
-0.17161852
-0.16891421
-0.16625366
-0.16363591
-0.16106042
-0.15852642
-0.15603365
-0.15358092
-0.1511676
-0.14879309
-0.14645703
-0.1441578
-0.1418959
-0.13967012
-0.13747978
-0.13532427
-0.13320337
-0.13111626
-0.12906164
-0.12704016
-0.12505049
-0.123092145
-0.121164285
-0.11926714
-0.117399864
-0.1155614
-0.11375153
-0.111970164
-0.11021636
-0.10848926
-0.10678916
-0.10511542
-0.10346702
-0.101844236
-0.100246556
-0.098672695
-0.09712313
-0.095596895
-0.49606538
-0.48740545
-0.47897714
-0.47076198
-0.46274695
-0.45492345
-0.44728103
-0.43981263
-0.43250927
-0.42536294
-0.41836712
-0.4115141
-0.40479857
-0.3982143
-0.39175606
-0.38541976
-0.37919962
-0.3730939
-0.36709726
-0.36120737
-0.35542044
-0.34973386
-0.3441456
-0.33865243
-0.3332522
-0.32794297
-0.32272196
-0.31758752
-0.31253776
-0.30757028
-0.30268416
-0.29787725
-0.29314792
-0.28849494
-0.28391677
-0.27941182
-0.2749788
-0.2706169
-0.2663247
-0.26210037
-0.25794372
-0.253853
-0.2498278
-0.24586673
-0.24196829
-0.2381329
-0.23435825
-0.23064423
-0.22698915
-0.22339296
-0.21985428
-0.2163726
-0.21294633
-0.20957582
-0.2062596
-0.20299657
-0.19978641
-0.19662753
-0.1935198
-0.19046268
-0.18745479
-0.18449517
-0.18158384
-0.17871934
-0.17590098
-0.17312807
-0.17040035
-0.16771688
-0.16507575
-0.16247784
-0.15992188
-0.15740642
-0.15493159
-0.15249671
-0.1501006
-0.14774275
-0.1454228
-0.1431398
-0.14089316
-0.13868222
-0.1365062
-0.13436437
-0.13225709
-0.13018264
-0.12814105
-0.12613139
-0.12415309
-0.122205496
-0.12028869
-0.11840174
-0.116544046
-0.11471534
-0.112914525
-0.111141615
-0.10939594
-0.107677534
-0.10598484
-0.10431838
-0.102677085
-0.101061
-0.5231146
-0.51391554
-0.5049886
-0.4963059
-0.4878485
-0.4796006
-0.47154996
-0.4636847
-0.45599464
-0.44847098
-0.44110492
-0.43388924
-0.42681682
-0.4198812
-0.4130775
-0.40640065
-0.3998461
-0.3934103
-0.38708884
-0.3808788
-0.37477702
-0.36878043
-0.36288652
-0.35709274
-0.351396
-0.34579483
-0.34028655
-0.3348693
-0.32954112
-0.32430008
-0.31914395
-0.31407195
-0.3090814
-0.3041713
-0.2993402
-0.29458642
-0.28990874
-0.28530586
-0.28077614
-0.27631932
-0.27193302
-0.26761708
-0.2633695
-0.2591898
-0.25507665
-0.25102964
-0.24704699
-0.24312876
-0.2392724
-0.23547809
-0.23174481
-0.2280717
-0.2244574
-0.22090119
-0.21740246
-0.21396014
-0.21057343
-0.2072411
-0.20396307
-0.20073771
-0.19756454
-0.1944425
-0.19137105
-0.18834917
-0.18537633
-0.18245152
-0.17957358
-0.17674215
-0.17395663
-0.1712157
-0.16851889
-0.16586557
-0.16325495
-0.16068617
-0.15815829
-0.15567125
-0.15322368
-0.15081537
-0.14844501
-0.14611243
-0.14381728
-0.14155789
-0.1393345
-0.13714603
-0.13499233
-0.13287197
-0.13078499
-0.12873083
-0.12670878
-0.124718204
-0.12275832
-0.12082907
-0.118929476
-0.11705989
-0.11521811
-0.11340537
-0.11162034
-0.109862246
-0.10813162
-0.10642699
-0.5495881
-0.53986716
-0.53045756
-0.5213222
-0.51243496
-0.50377584
-0.49532795
-0.48707694
-0.47901148
-0.4711198
-0.46339318
-0.45582327
-0.4484024
-0.44112432
-0.43398336
-0.42697412
-0.42009273
-0.41333377
-0.40669483
-0.4001718
-0.3937614
-0.38746077
-0.38126767
-0.37517887
-0.36919186
-0.36330462
-0.3575149
-0.3518204
-0.3462196
-0.34070954
-0.33528927
-0.32995668
-0.32471025
-0.31954792
-0.31446916
-0.30947125
-0.30455297
-0.29971382
-0.29495198
-0.29026583
-0.28565475
-0.28111696
-0.2766519
-0.2722579
-0.26793405
-0.26367968
-0.25949296
-0.25537378
-0.25132048
-0.2473321
-0.24340771
-0.23954675
-0.23574764
-0.2320099
-0.22833227
-0.22471404
-0.22115454
-0.217652
-0.21420616
-0.21081617
-0.20748089
-0.20419958
-0.20097135
-0.1977951
-0.19467051
-0.19159608
-0.18857129
-0.1855954
-0.1826675
-0.17978644
-0.17695229
-0.17416327
-0.17141922
-0.16871913
-0.1660622
-0.16344784
-0.16087528
-0.15834355
-0.1558525
-0.15340067
-0.1509879
-0.14861326
-0.14627571
-0.14397568
-0.14171182
-0.13948344
-0.13728978
-0.13513047
-0.1330051
-0.13091289
-0.12885314
-0.12682553
-0.12482882
-0.12286336
-0.12092838
-0.11902324
-0.11714722
-0.11529985
-0.113480695
-0.11168994
-0.57545227
-0.565231
-0.55535644
-0.5457839
-0.53648156
-0.5274238
-0.518591
-0.50996643
-0.50153553
-0.49328697
-0.48521
-0.4772955
-0.4695354
-0.46192366
-0.45445353
-0.44711986
-0.43991885
-0.43284538
-0.42589557
-0.41906634
-0.41235462
-0.4057571
-0.39927068
-0.39289373
-0.38662246
-0.38045534
-0.37438977
-0.36842415
-0.3625555
-0.35678303
-0.35110366
-0.34551588
-0.34001866
-0.33460963
-0.32928732
-0.32405034
-0.31889713
-0.31382635
-0.30883706
-0.30392674
-0.29909495
-0.29434037
-0.28966188
-0.2850579
-0.280528
-0.27607024
-0.2716841
-0.26736772
-0.26312146
-0.25894335
-0.2548318
-0.25078663
-0.2468068
-0.24289082
-0.23903784
-0.23524776
-0.2315184
-0.22784907
-0.2242397
-0.22068812
-0.21719408
-0.2137565
-0.21037464
-0.20704709
-0.20377363
-0.20055312
-0.19738439
-0.19426699
-0.19119978
-0.18818125
-0.18521205
-0.18229033
-0.17941564
-0.17658716
-0.1738038
-0.17106417
-0.16836946
-0.1657172
-0.16310695
-0.16053873
-0.15801106
-0.15552317
-0.15307441
-0.15066478
-0.14829268
-0.14595804
-0.1436605
-0.14139827
-0.13917191
-0.13697976
-0.134822
-0.13269794
-0.13060685
-0.12854776
-0.12652062
-0.124524765
-0.12255991
-0.12062482
-0.118719935
-0.11684382
-0.60067654
-0.589977
-0.579657
-0.5696652
-0.5599628
-0.55052125
-0.54131705
-0.5323305
-0.52354634
-0.5149511
-0.50653386
-0.49828425
-0.49019516
-0.482258
-0.4744677
-0.46681857
-0.45930585
-0.451925
-0.44467247
-0.4375445
-0.4305382
-0.42365065
-0.41687843
-0.410219
-0.4036703
-0.39722982
-0.3908948
-0.3846635
-0.37853384
-0.3725038
-0.36657107
-0.36073416
-0.3549913
-0.34934062
-0.34378058
-0.33830974
-0.3329266
-0.32762933
-0.3224169
-0.31728742
-0.31224006
-0.3072735
-0.3023862
-0.29757717
-0.29284537
-0.28818893
-0.2836073
-0.27909946
-0.2746638
-0.27029917
-0.2660053
-0.26178014
-0.25762302
-0.2535334
-0.24950913
-0.24554999
-0.24165507
-0.23782314
-0.23405276
-0.23034346
-0.22669418
-0.22310399
-0.21957193
-0.21609673
-0.21267743
-0.2093138
-0.20600413
-0.20274813
-0.19954458
-0.19639225
-0.19329089
-0.19023897
-0.18723662
-0.18428181
-0.18137474
-0.17851387
-0.1756989
-0.17292874
-0.17020248
-0.16751975
-0.16487949
-0.16228108
-0.15972349
-0.15720624
-0.15472928
-0.15229043
-0.14989062
-0.14752805
-0.14520234
-0.14291288
-0.14065935
-0.13844074
-0.13625658
-0.13410634
-0.13198937
-0.1299053
-0.12785299
-0.12583283
-0.12384332
-0.121884435
-0.6252312
-0.6140786
-0.60333484
-0.5929421
-0.58285683
-0.5730462
-0.563484
-0.55414826
-0.54502285
-0.5360927
-0.52734554
-0.5187715
-0.5103622
-0.50210935
-0.4940076
-0.48605144
-0.4782352
-0.47055563
-0.46300793
-0.45558915
-0.44829562
-0.44112468
-0.43407324
-0.42713904
-0.42031938
-0.4136118
-0.4070139
-0.40052342
-0.39413843
-0.38785696
-0.38167703
-0.37559643
-0.36961392
-0.36372745
-0.35793504
-0.35223576
-0.3466276
-0.3411095
-0.33567938
-0.33033592
-0.32507807
-0.3199041
-0.3148132
-0.30980352
-0.30487442
-0.3000245
-0.29525182
-0.29055607
-0.2859359
-0.28138974
-0.2769171
-0.27251655
-0.26818663
-0.26392618
-0.25973538
-0.25561202
-0.251555
-0.24756354
-0.2436369
-0.23977327
-0.23597226
-0.23223293
-0.22855392
-0.22493456
-0.22137353
-0.21786961
-0.21442272
-0.2110311
-0.20769413
-0.20441122
-0.20118046
-0.19800213
-0.19487439
-0.19179687
-0.1887688
-0.18578924
-0.18285657
-0.17997128
-0.17713149
-0.17433722
-0.17158695
-0.16888015
-0.16621645
-0.16359463
-0.16101417
-0.15847445
-0.15597431
-0.15351327
-0.15109111
-0.14870656
-0.1463593
-0.14404878
-0.14177382
-0.13953431
-0.13732973
-0.1351588
-0.13302171
-0.13091761
-0.12884599
-0.12680615
-0.6490874
-0.6375088
-0.62636435
-0.61559033
-0.60513973
-0.5949762
-0.58507013
-0.57539934
-0.56594473
-0.55669075
-0.54762524
-0.53873664
-0.53001714
-0.5214585
-0.5130545
-0.50479954
-0.49668917
-0.48871803
-0.48088378
-0.47318175
-0.46560887
-0.45816177
-0.45083907
-0.44363683
-0.43655324
-0.42958507
-0.4227306
-0.41598797
-0.40935415
-0.40282732
-0.39640626
-0.39008832
-0.3838718
-0.3777554
-0.37173656
-0.36581448
-0.359987
-0.35425335
-0.34861067
-0.34305865
-0.3375957
-0.33221936
-0.32692963
-0.32172492
-0.3166032
-0.31156418
-0.3066056
-0.3017269
-0.2969267
-0.29220375
-0.2875567
-0.28298488
-0.27848652
-0.27406067
-0.26970664
-0.26542255
-0.26120797
-0.25706124
-0.2529816
-0.24896808
-0.24501933
-0.24113406
-0.23731221
-0.23355182
-0.22985199
-0.22621205
-0.22263113
-0.21910709
-0.21564028
-0.2122296
-0.2088735
-0.205571
-0.20232181
-0.19912393
-0.19597834
-0.19288205
-0.1898359
-0.18683761
-0.18388732
-0.18098414
-0.17812675
-0.17531444
-0.17254658
-0.16982293
-0.16714168
-0.16450277
-0.16190572
-0.1593488
-0.15683228
-0.15435503
-0.15191612
-0.1495154
-0.14715244
-0.14482577
-0.14253555
-0.14028057
-0.1380605
-0.13587514
-0.13372251
-0.1316037
-0.67221993
-0.66024345
-0.6487224
-0.6375886
-0.62679094
-0.61629075
-0.6060561
-0.5960635
-0.5862923
-0.57672685
-0.5673538
-0.55816185
-0.54914224
-0.5402873
-0.53159046
-0.523046
-0.5146499
-0.5063965
-0.49828294
-0.4903058
-0.48246127
-0.4747468
-0.46715933
-0.45969626
-0.4523559
-0.44513476
-0.4380306
-0.4310418
-0.42416555
-0.41740057
-0.41074437
-0.4041954
-0.3977516
-0.39141083
-0.3851718
-0.37903282
-0.37299183
-0.36704752
-0.36119854
-0.3554432
-0.3497801
-0.34420788
-0.33872458
-0.33332932
-0.32802063
-0.32279724
-0.31765792
-0.31260118
-0.30762553
-0.30273038
-0.29791394
-0.29317498
-0.28851286
-0.28392586
-0.2794127
-0.2749727
-0.2706046
-0.26630688
-0.26207837
-0.25791827
-0.25382593
-0.2497996
-0.24583782
-0.24194056
-0.23810604
-0.23433341
-0.23062102
-0.22696936
-0.2233759
-0.21984029
-0.21636154
-0.21293905
-0.20957108
-0.20625652
-0.20299578
-0.19978677
-0.1966288
-0.19352174
-0.19046335
-0.18745403
-0.1844924
-0.18157725
-0.1787086
-0.17588513
-0.1731061
-0.17037065
-0.16767836
-0.1650283
-0.16241989
-0.1598523
-0.15732455
-0.15483655
-0.15238741
-0.14997599
-0.14760232
-0.14526504
-0.14296429
-0.14069937
-0.1384689
-0.13627334
-0.6946031
-0.6822593
-0.6703871
-0.6589153
-0.6477899
-0.6369696
-0.6264226
-0.6161221
-0.6060475
-0.5961824
-0.5865133
-0.5770285
-0.56771946
-0.5585778
-0.54959774
-0.54077333
-0.53210014
-0.5235732
-0.5151893
-0.5069449
-0.49883673
-0.49086237
-0.48301813
-0.47530216
-0.4677118
-0.46024442
-0.4528983
-0.44567037
-0.43855917
-0.43156224
-0.4246778
-0.41790372
-0.41123855
-0.40468034
-0.39822686
-0.39187714
-0.38562867
-0.37948063
-0.37343088
-0.36747763
-0.36162028
-0.35585642
-0.35018566
-0.34460574
-0.339115
-0.33371264
-0.32839733
-0.3231673
-0.31802183
-0.3129591
-0.30797815
-0.30307734
-0.29825538
-0.29351187
-0.28884482
-0.28425303
-0.27973548
-0.27529073
-0.27091813
-0.2666162
-0.26238376
-0.25821975
-0.25412276
-0.25009215
-0.24612638
-0.24222453
-0.23838577
-0.23460893
-0.23089242
-0.22723609
-0.22363858
-0.22009836
-0.21661547
-0.21318763
-0.20981471
-0.20649602
-0.20323007
-0.20001617
-0.1968533
-0.19374064
-0.19067733
-0.18766285
-0.18469557
-0.18177533
-0.17890088
-0.17607217
-0.17328732
-0.17054683
-0.16784908
-0.16519354
-0.16257949
-0.16000634
-0.157473
-0.1549792
-0.15252459
-0.15010776
-0.14772852
-0.14538588
-0.14307989
-0.14080948
-0.71621436
-0.70353436
-0.6913373
-0.6795502
-0.6681169
-0.6569948
-0.6461503
-0.6355563
-0.62519157
-0.61503947
-0.60508573
-0.5953193
-0.5857312
-0.5763134
-0.56705946
-0.5579644
-0.54902303
-0.5402313
-0.5315858
-0.5230828
-0.51471967
-0.5064929
-0.49839988
-0.49043858
-0.48260635
-0.47490048
-0.46731856
-0.45985904
-0.45251954
-0.44529825
-0.43819213
-0.43120024
-0.4243202
-0.41755086
-0.41088933
-0.40433508
-0.39788517
-0.3915392
-0.38529453
-0.37914988
-0.37310383
-0.36715516
-0.36130163
-0.355542
-0.34987542
-0.3442994
-0.33881322
-0.3334159
-0.32810506
-0.32287988
-0.317739
-0.31268147
-0.30770507
-0.30280942
-0.29799274
-0.29325363
-0.28859147
-0.28400466
-0.27949205
-0.27505225
-0.27068415
-0.26638654
-0.26215854
-0.25799853
-0.25390562
-0.2498789
-0.24591711
-0.2420188
-0.23818366
-0.23440959
-0.23069645
-0.22704263
-0.22344778
-0.21990971
-0.21642846
-0.2130031
-0.20963222
-0.20631492
-0.20305026
-0.19983749
-0.196676
-0.19356443
-0.19050165
-0.18748753
-0.18452112
-0.18160135
-0.17872742
-0.17589831
-0.173114
-0.1703729
-0.16767493
-0.16501908
-0.16240494
-0.1598312
-0.15729761
-0.15480347
-0.15234832
-0.14993072
-0.14755115
-0.14520754
-0.7370339
-0.7240495
-0.71155477
-0.6994754
-0.68775445
-0.67634815
-0.6652221
-0.6543493
-0.64370793
-0.63328093
-0.6230547
-0.6130177
-0.60316104
-0.5934771
-0.5839596
-0.57460326
-0.5654032
-0.5563559
-0.547457
-0.53870434
-0.5300941
-0.52162343
-0.5132899
-0.50509137
-0.49702445
-0.48908785
-0.48127872
-0.47359467
-0.46603397
-0.45859468
-0.45127437
-0.44407138
-0.43698344
-0.4300096
-0.42314714
-0.41639447
-0.40974993
-0.40321198
-0.39677835
-0.39044878
-0.38422018
-0.3780916
-0.37206197
-0.36612833
-0.36029106
-0.35454723
-0.34889597
-0.34333602
-0.33786532
-0.33248308
-0.32718796
-0.32197785
-0.3168524
-0.31180942
-0.30684823
-0.30196702
-0.29716474
-0.29243997
-0.28779176
-0.28321844
-0.27871907
-0.2742925
-0.2699374
-0.26565233
-0.26143658
-0.25728837
-0.25320736
-0.24919206
-0.24524088
-0.24135351
-0.23752822
-0.23376468
-0.23006146
-0.22641675
-0.22283085
-0.2193019
-0.21582964
-0.2124122
-0.20904909
-0.20573972
-0.20248218
-0.19927673
-0.1961219
-0.19301696
-0.18996073
-0.18695253
-0.18399218
-0.181078
-0.17820941
-0.17538601
-0.17260648
-0.16987106
-0.16717762
-0.16452661
-0.16191661
-0.1593474
-0.15681845
-0.15432851
-0.15187737
-0.14946373
-0.7570429
-0.7437863
-0.7310209
-0.7186727
-0.70668435
-0.69501173
-0.6836207
-0.67248386
-0.66157943
-0.6508906
-0.6404036
-0.63010734
-0.61999273
-0.6100532
-0.6002818
-0.59067374
-0.5812248
-0.5719305
-0.5627881
-0.5537939
-0.54494536
-0.5362396
-0.5276738
-0.5192454
-0.5109524
-0.5027925
-0.49476343
-0.4868631
-0.47908857
-0.4714388
-0.46391165
-0.45650452
-0.44921598
-0.44204423
-0.43498713
-0.42804307
-0.42121026
-0.4144873
-0.40787137
-0.40136194
-0.3949576
-0.38865578
-0.38245514
-0.37635416
-0.3703514
-0.3644459
-0.35863507
-0.3529182
-0.3472934
-0.3417596
-0.33631498
-0.33095828
-0.3256881
-0.3205031
-0.31540182
-0.3103832
-0.30544567
-0.30058822
-0.29580867
-0.29110673
-0.28648067
-0.28192952
-0.27745155
-0.27304563
-0.26871118
-0.2644461
-0.26024997
-0.25612104
-0.25205874
-0.24806127
-0.24412784
-0.2402581
-0.23645015
-0.2327022
-0.22901492
-0.22538635
-0.22181557
-0.21830174
-0.21484351
-0.21144006
-0.20809056
-0.20479432
-0.20155017
-0.19835705
-0.19521423
-0.1921216
-0.18907708
-0.18608034
-0.18313077
-0.18022725
-0.17736934
-0.17455621
-0.17178693
-0.16906089
-0.16637744
-0.16373576
-0.1611353
-0.15857491
-0.15605459
-0.15357372
-0.7762251
-0.76272863
-0.7497204
-0.737127
-0.7248915
-0.71297103
-0.701331
-0.68994474
-0.6787907
-0.66785264
-0.6571167
-0.64657265
-0.6362113
-0.62602603
-0.6160111
-0.6061614
-0.5964727
-0.5869412
-0.5775639
-0.56833726
-0.55925906
-0.5503265
-0.5415365
-0.53288764
-0.5243765
-0.5160015
-0.5077605
-0.4996508
-0.49167076
-0.48381802
-0.47609112
-0.46848708
-0.46100542
-0.45364293
-0.44639844
-0.43926975
-0.4322555
-0.42535368
-0.41856256
-0.4118805
-0.40530604
-0.39883697
-0.39247176
-0.3862092
-0.3800477
-0.3739859
-0.36802146
-0.36215332
-0.3563796
-0.3506997
-0.3451112
-0.33961275
-0.33420372
-0.32888186
-0.3236466
-0.3184955
-0.3134273
-0.30844164
-0.30353594
-0.2987098
-0.29396135
-0.28928986
-0.2846937
-0.28017142
-0.27572238
-0.27134475
-0.2670374
-0.2627992
-0.25862938
-0.25452623
-0.2504892
-0.2465164
-0.24260713
-0.2387607
-0.23497555
-0.23125032
-0.22758508
-0.22397757
-0.22042786
-0.21693392
-0.21349557
-0.21011193
-0.20678145
-0.2035036
-0.20027742
-0.19710223
-0.19397688
-0.19090071
-0.18787289
-0.18489218
-0.18195856
-0.17907096
-0.1762279
-0.17342985
-0.17067514
-0.1679634
-0.16529405
-0.16266611
-0.16007927
-0.1575325
-0.79456675
-0.78086203
-0.76763797
-0.75482273
-0.74236083
-0.73021024
-0.71833766
-0.70671666
-0.69532675
-0.6841517
-0.67317927
-0.6623984
-0.65180135
-0.6413812
-0.63113266
-0.621051
-0.6111325
-0.60137326
-0.5917702
-0.58232045
-0.57302153
-0.5638708
-0.5548658
-0.54600424
-0.53728336
-0.5287018
-0.5202566
-0.5119463
-0.5037678
-0.4957204
-0.4878012
-0.48000848
-0.47234002
-0.4647944
-0.4573695
-0.45006338
-0.44287488
-0.43580127
-0.4288409
-0.42199275
-0.4152548
-0.4086251
-0.4021023
-0.3956842
-0.38936993
-0.3831574
-0.3770453
-0.37103155
-0.3651154
-0.35929453
-0.35356835
-0.34793407
-0.34239116
-0.33693767
-0.33157253
-0.32629403
-0.3211009
-0.3159919
-0.31096512
-0.30601978
-0.3011538
-0.2963668
-0.2916568
-0.28702283
-0.28246337
-0.27797747
-0.2735631
-0.26922032
-0.2649468
-0.26074228
-0.2566048
-0.25253364
-0.24852724
-0.24458513
-0.24070574
-0.23688816
-0.23313154
-0.22943443
-0.22579642
-0.22221597
-0.21869184
-0.21522383
-0.21181048
-0.20845114
-0.20514463
-0.20189038
-0.19868734
-0.19553429
-0.19243099
-0.18937658
-0.18636951
-0.18340969
-0.18049642
-0.17762838
-0.1748056
-0.17202646
-0.169291
-0.16659781
-0.163947
-0.16133696
-0.8120556
-0.7981739
-0.78476036
-0.77174616
-0.7590782
-0.7467154
-0.7346261
-0.72278523
-0.7111728
-0.699774
-0.68857634
-0.6775704
-0.6667483
-0.65610397
-0.64563227
-0.63532853
-0.6251898
-0.61521184
-0.60539263
-0.5957295
-0.58621866
-0.57685906
-0.5676475
-0.558582
-0.54966027
-0.5408802
-0.5322397
-0.5237362
-0.51536816
-0.5071333
-0.49902996
-0.49105603
-0.48320872
-0.4754873
-0.46788958
-0.46041358
-0.45305678
-0.44581857
-0.43869638
-0.43168944
-0.42479423
-0.41801062
-0.41133606
-0.40476912
-0.39830822
-0.3919517
-0.38569784
-0.3795452
-0.37349188
-0.36753622
-0.36167717
-0.35591257
-0.35024187
-0.3446622
-0.33917302
-0.33377263
-0.32845923
-0.32323164
-0.31808904
-0.31302896
-0.3080507
-0.30315313
-0.29833373
-0.2935926
-0.28892744
-0.2843375
-0.2798211
-0.27537766
-0.2710053
-0.26670295
-0.26246938
-0.2583035
-0.25420424
-0.25017038
-0.24620068
-0.24229448
-0.23845023
-0.23466729
-0.23094416
-0.22728007
-0.223674
-0.22012518
-0.21663235
-0.2131944
-0.2098111
-0.20648092
-0.20320283
-0.19997679
-0.19680072
-0.19367494
-0.1905981
-0.18756926
-0.18458818
-0.18165338
-0.17876425
-0.17592086
-0.17312126
-0.17036586
-0.16765317
-0.16498244
-0.8286827
-0.8146534
-0.8010763
-0.78788567
-0.7750312
-0.7624738
-0.7501837
-0.73813736
-0.7263159
-0.7147057
-0.7032953
-0.6920753
-0.68103904
-0.6701811
-0.659496
-0.64898086
-0.6386315
-0.6284457
-0.6184195
-0.6085514
-0.59883845
-0.58927876
-0.5798697
-0.57060903
-0.5614951
-0.55252516
-0.5436976
-0.5350097
-0.52646
-0.5180464
-0.50976676
-0.50161874
-0.49360114
-0.48571134
-0.47794804
-0.47030917
-0.46279278
-0.455397
-0.44811985
-0.44096014
-0.4339155
-0.42698446
-0.4201649
-0.41345558
-0.4068549
-0.4003607
-0.39397115
-0.3876852
-0.3815006
-0.37541667
-0.3694305
-0.36354157
-0.35774773
-0.35204768
-0.3464399
-0.34092262
-0.33549497
-0.3301544
-0.32490066
-0.31973132
-0.31464568
-0.30964214
-0.30471876
-0.2998748
-0.29510874
-0.2904193
-0.28580537
-0.2812653
-0.27679804
-0.27240235
-0.26807693
-0.26382053
-0.25963214
-0.25551063
-0.25145483
-0.24746364
-0.24353552
-0.23967056
-0.23586601
-0.23212223
-0.22843784
-0.22481114
-0.22124226
-0.21772984
-0.21427222
-0.21086915
-0.20752
-0.20422311
-0.20097788
-0.19778399
-0.19463985
-0.19154488
-0.18849859
-0.18550017
-0.18254825
-0.1796422
-0.17678209
-0.17396635
-0.17119472
-0.168466
-0.8444399
-0.83029175
-0.81657594
-0.80323017
-0.7902082
-0.7774735
-0.76499796
-0.7527604
-0.7407433
-0.72893417
-0.7173223
-0.70589995
-0.6946608
-0.6835996
-0.6727122
-0.6619951
-0.65144515
-0.6410603
-0.6308373
-0.62077385
-0.61086786
-0.6011175
-0.59152
-0.58207375
-0.5727761
-0.56362516
-0.5546191
-0.5457552
-0.5370325
-0.528448
-0.52000046
-0.511687
-0.5035064
-0.49545676
-0.48753533
-0.47974113
-0.4720724
-0.46452677
-0.45710173
-0.4497967
-0.44260892
-0.43553755
-0.4285803
-0.421735
-0.4150004
-0.40837517
-0.40185654
-0.39544368
-0.3891345
-0.3829276
-0.37682068
-0.37081304
-0.36490247
-0.35908762
-0.3533668
-0.34773874
-0.34220135
-0.33675325
-0.33139363
-0.32612014
-0.32093152
-0.31582695
-0.31080446
-0.30586314
-0.30100054
-0.29621643
-0.2915092
-0.28687736
-0.28231984
-0.2778348
-0.27342194
-0.26907945
-0.26480642
-0.2606012
-0.2564629
-0.25239044
-0.24838334
-0.24443878
-0.2405572
-0.23673756
-0.23297758
-0.2292774
-0.22563595
-0.22205168
-0.21852386
-0.21505135
-0.21163355
-0.20826934
-0.20495844
-0.20169888
-0.19849093
-0.1953329
-0.19222447
-0.18916453
-0.18615249
-0.18318753
-0.18026909
-0.17739587
-0.17456768
-0.17178375
-0.85932165
-0.84508055
-0.8312497
-0.81777036
-0.8045988
-0.7917031
-0.7790574
-0.76664233
-0.7544427
-0.7424467
-0.73064536
-0.7190319
-0.7076005
-0.69634664
-0.68526727
-0.6743585
-0.6636185
-0.6530443
-0.64263386
-0.63238513
-0.6222958
-0.6123638
-0.60258764
-0.59296376
-0.58349186
-0.57416904
-0.56499326
-0.5559623
-0.54707515
-0.53832823
-0.52972114
-0.52125055
-0.512915
-0.5047129
-0.49664187
-0.48870033
-0.4808862
-0.47319773
-0.4656327
-0.45818993
-0.45086697
-0.44366175
-0.43657324
-0.4295991
-0.42273775
-0.4159878
-0.40934667
-0.40281293
-0.39638573
-0.39006197
-0.38384065
-0.37771982
-0.37169853
-0.3657746
-0.35994634
-0.35421264
-0.3485713
-0.34302145
-0.33756098
-0.3321887
-0.3269029
-0.3217022
-0.31658548
-0.3115511
-0.30659723
-0.30172324
-0.29692706
-0.29220822
-0.2875646
-0.28299582
-0.2784992
-0.27407488
-0.26972103
-0.26543617
-0.2612199
-0.25707048
-0.25298697
-0.24896817
-0.24501315
-0.24112065
-0.23728976
-0.23351923
-0.22980869
-0.22615603
-0.2225614
-0.21902253
-0.21553968
-0.21211217
-0.20873801
-0.2054164
-0.20214732
-0.19892931
-0.19576125
-0.19264343
-0.18957414
-0.1865526
-0.18357839
-0.1806508
-0.17776874
-0.17493157
-0.87332356
-0.85901517
-0.8450915
-0.83149725
-0.8181943
-0.80515337
-0.792352
-0.779773
-0.76740336
-0.7552327
-0.74325365
-0.73145986
-0.71984714
-0.7084115
-0.6971501
-0.68606025
-0.67513984
-0.66438645
-0.6537986
-0.643374
-0.6331107
-0.623007
-0.61306065
-0.6032698
-0.59363264
-0.5841468
-0.5748102
-0.5656217
-0.5565778
-0.5476779
-0.53891915
-0.5302998
-0.5218179
-0.5134717
-0.50525934
-0.4971782
-0.489227
-0.48140287
-0.47370538
-0.4661317
-0.45868045
-0.45134923
-0.44413653
-0.43704036
-0.43005928
-0.42319095
-0.41643402
-0.40978628
-0.4032466
-0.39681238
-0.39048272
-0.38425562
-0.37812912
-0.3721022
-0.36617225
-0.36033875
-0.35459918
-0.34895238
-0.34339693
-0.33793116
-0.3325534
-0.3272617
-0.32205614
-0.3169336
-0.31189334
-0.30693397
-0.3020547
-0.29725274
-0.29252818
-0.28787884
-0.283304
-0.2788018
-0.2743717
-0.27001178
-0.26572147
-0.26149908
-0.25734356
-0.25325394
-0.24922962
-0.24526796
-0.24136968
-0.2375327
-0.23375599
-0.23003922
-0.22638065
-0.22277963
-0.21923532
-0.21574664
-0.21231289
-0.20893262
-0.20560528
-0.20233032
-0.19910653
-0.19593295
-0.1928094
-0.18973416
-0.18670754
-0.18372782
-0.1807948
-0.17790715
-0.88644266
-0.87209004
-0.8580946
-0.84440446
-0.83098614
-0.81781477
-0.80487144
-0.7921417
-0.7796145
-0.7672811
-0.75513554
-0.743173
-0.73138976
-0.7197828
-0.7083497
-0.69708884
-0.685998
-0.6750759
-0.6643202
-0.65372986
-0.64330256
-0.6330363
-0.6229301
-0.6129812
-0.6031878
-0.5935483
-0.58406043
-0.5747224
-0.5655317
-0.5564868
-0.54758584
-0.5388261
-0.5302062
-0.52172434
-0.51337785
-0.50516516
-0.49708477
-0.48913422
-0.4813113
-0.47361442
-0.4660423
-0.4585921
-0.45126253
-0.44405144
-0.43695712
-0.42997777
-0.4231116
-0.41635635
-0.4097105
-0.4031731
-0.39674124
-0.39041346
-0.38418806
-0.3780641
-0.37203842
-0.36611083
-0.36027873
-0.35454106
-0.34889597
-0.3433419
-0.33787712
-0.33250052
-0.3272103
-0.32200512
-0.3168835
-0.3118442
-0.3068854
-0.30200613
-0.2972047
-0.29248005
-0.28783107
-0.28325585
-0.2787533
-0.2743227
-0.26996228
-0.26567134
-0.26144788
-0.25729206
-0.25320154
-0.24917558
-0.24521323
-0.24131313
-0.23747495
-0.23369735
-0.22997859
-0.22631851
-0.22271594
-0.21916984
-0.21567948
-0.2122436
-0.20886166
-0.20553263
-0.20225583
-0.19903
-0.19585492
-0.19272906
-0.18965194
-0.18662333
-0.18364175
-0.1807069
-0.8986776
-0.88430226
-0.8702544
-0.8564856
-0.8429675
-0.82967997
-0.8166077
-0.8037396
-0.79106677
-0.7785824
-0.76628155
-0.7541609
-0.7422177
-0.73045045
-0.7188564
-0.70743483
-0.6961839
-0.68510264
-0.6741897
-0.66344297
-0.6528612
-0.6424426
-0.6321856
-0.6220882
-0.6121486
-0.60236454
-0.5927346
-0.5832564
-0.5739277
-0.5647474
-0.5557121
-0.5468213
-0.53807205
-0.52946246
-0.52099085
-0.51265496
-0.50445294
-0.4963831
-0.48844314
-0.48063117
-0.4729454
-0.46538362
-0.45794442
-0.45062584
-0.44342563
-0.43634167
-0.42937285
-0.42251685
-0.41577247
-0.40913746
-0.40260953
-0.39618763
-0.3898701
-0.38365436
-0.3775392
-0.3715231
-0.36560485
-0.35978127
-0.35405192
-0.3484154
-0.3428694
-0.33741283
-0.33204395
-0.326761
-0.32156315
-0.31644815
-0.3114156
-0.3064634
-0.30159014
-0.29679486
-0.29207575
-0.28743178
-0.28286198
-0.27836505
-0.27393883
-0.26958337
-0.2652962
-0.2610774
-0.25692546
-0.25283864
-0.24881631
-0.24485755
-0.24096094
-0.23712592
-0.23335095
-0.22963507
-0.22597794
-0.2223777
-0.21883455
-0.21534656
-0.21191278
-0.20853318
-0.2052061
-0.20193127
-0.19870742
-0.19553395
-0.19241026
-0.18933474
-0.18630823
-0.18332793
-0.91002744
-0.8956485
-0.88156706
-0.8677359
-0.85413235
-0.84074163
-0.82755315
-0.8145585
-0.8017515
-0.78912675
-0.77668196
-0.7644144
-0.75232226
-0.74040425
-0.72866
-0.7170876
-0.7056871
-0.69445723
-0.6833963
-0.67250377
-0.6617774
-0.6512165
-0.6408188
-0.6305825
-0.6205059
-0.6105871
-0.6008242
-0.59121543
-0.5817579
-0.57245046
-0.56329095
-0.55427706
-0.545407
-0.536679
-0.5280901
-0.5196393
-0.5113244
-0.5031432
-0.49509388
-0.48717406
-0.4793827
-0.47171703
-0.4641756
-0.4567563
-0.449457
-0.44227645
-0.435212
-0.42826223
-0.42142507
-0.41469908
-0.40808207
-0.40157223
-0.3951681
-0.38886738
-0.38266912
-0.3765707
-0.37057114
-0.36466855
-0.35886094
-0.3531469
-0.34752485
-0.3419935
-0.33655128
-0.3311961
-0.3259266
-0.3207418
-0.31564006
-0.31062007
-0.3056792
-0.30081838
-0.29603407
-0.29132664
-0.28669363
-0.2821342
-0.27764702
-0.27323076
-0.26888496
-0.26460704
-0.26039737
-0.25625417
-0.25217572
-0.24816158
-0.24421094
-0.24032207
-0.23649463
-0.23272714
-0.22901838
-0.22536786
-0.2217747
-0.21823773
-0.21475612
-0.21132854
-0.20795485
-0.20463385
-0.2013646
-0.19814637
-0.1949781
-0.19185989
-0.18879001
-0.18576781
-0.92049307
-0.9061272
-0.8920294
-0.87815076
-0.86447495
-0.8509932
-0.8376998
-0.82458997
-0.8116595
-0.79890627
-0.78632814
-0.773924
-0.7616934
-0.74963593
-0.7377512
-0.7260391
-0.71449894
-0.70313036
-0.6919322
-0.6809035
-0.670043
-0.65934926
-0.6488205
-0.6384553
-0.6282514
-0.61820763
-0.6083214
-0.598591
-0.5890141
-0.5795893
-0.570314
-0.5611864
-0.5522042
-0.54336566
-0.5346689
-0.52611154
-0.51769173
-0.5094076
-0.5012567
-0.49323758
-0.48534808
-0.4775862
-0.46994993
-0.46243715
-0.45504662
-0.4477757
-0.44062263
-0.43358627
-0.42666364
-0.41985318
-0.41315344
-0.40656236
-0.4000781
-0.39369863
-0.38742262
-0.38124835
-0.37517387
-0.36919713
-0.36331692
-0.35753158
-0.35183957
-0.34623897
-0.34072793
-0.33530587
-0.32997063
-0.32472086
-0.31955498
-0.31447154
-0.30946913
-0.30454656
-0.2997022
-0.29493573
-0.29024395
-0.28562683
-0.28108317
-0.2766111
-0.27220935
-0.2678778
-0.2636144
-0.25941813
-0.2552878
-0.25122306
-0.24722141
-0.24328282
-0.23940592
-0.23558995
-0.23183367
-0.22813661
-0.22449662
-0.2209145
-0.21738741
-0.21391568
-0.21049865
-0.20713459
-0.20382313
-0.20056291
-0.19735378
-0.19419478
-0.1910848
-0.18802324
-0.930077
-0.9157376
-0.9016392
-0.8877273
-0.87399095
-0.8604292
-0.84704167
-0.83382696
-0.8207842
-0.8079125
-0.79521155
-0.7826818
-0.7703232
-0.7581367
-0.7461223
-0.73428065
-0.7226115
-0.71111435
-0.6997891
-0.68863475
-0.67764986
-0.66683346
-0.65618384
-0.6456994
-0.63537836
-0.6252188
-0.61521894
-0.6053768
-0.5956899
-0.58615667
-0.5767748
-0.5675424
-0.55845696
-0.5495176
-0.5407208
-0.53206533
-0.5235491
-0.51516986
-0.50692636
-0.49881542
-0.49083573
-0.48298493
-0.47526166
-0.4676635
-0.46018878
-0.45283496
-0.44560048
-0.43848377
-0.43148243
-0.42459464
-0.41781878
-0.411153
-0.40459475
-0.39814287
-0.39179596
-0.38555098
-0.3794075
-0.37336302
-0.3674159
-0.36156496
-0.3558085
-0.35014397
-0.34457067
-0.339087
-0.3336907
-0.32838112
-0.32315627
-0.3180149
-0.31295517
-0.30797628
-0.30307683
-0.29825458
-0.2935095
-0.28883928
-0.284243
-0.2797196
-0.2752672
-0.2708857
-0.26657262
-0.26232767
-0.25814962
-0.25403723
-0.24998918
-0.24600488
-0.24208237
-0.238222
-0.23442174
-0.23068112
-0.22699882
-0.22337371
-0.21980572
-0.2162929
-0.21283507
-0.20943129
-0.2060804
-0.20278147
-0.19953394
-0.19633764
-0.1931905
-0.19009243
-0.93878293
-0.9244797
-0.9103949
-0.8964621
-0.8826765
-0.8690449
-0.8555728
-0.8422631
-0.82911795
-0.816138
-0.80332476
-0.79067975
-0.7782037
-0.7658986
-0.75376534
-0.7418042
-0.73001635
-0.71840143
-0.70695955
-0.6956893
-0.6845907
-0.67366177
-0.66290134
-0.6523075
-0.6418794
-0.631614
-0.6215103
-0.61156553
-0.6017781
-0.592146
-0.5826669
-0.57333845
-0.5641595
-0.555127
-0.54623955
-0.53749466
-0.5288907
-0.5204249
-0.51209617
-0.50390166
-0.49583972
-0.48790845
-0.48010573
-0.4724293
-0.46487746
-0.45744866
-0.45013985
-0.44295
-0.43587685
-0.4289185
-0.42207298
-0.4153387
-0.4087135
-0.40219566
-0.39578357
-0.38947514
-0.38326874
-0.3771624
-0.3711545
-0.36524343
-0.35942736
-0.35370526
-0.34807467
-0.34253475
-0.337083
-0.33171856
-0.32644024
-0.3212457
-0.31613457
-0.3111037
-0.3061533
-0.3012815
-0.2964872
-0.29176876
-0.28712437
-0.2825535
-0.27805504
-0.2736275
-0.26926962
-0.26498023
-0.2607584
-0.25660202
-0.25251138
-0.2484848
-0.24452151
-0.24061981
-0.23677923
-0.23299852
-0.22927706
-0.22561327
-0.22200711
-0.21845664
-0.2149616
-0.21152095
-0.20813425
-0.20479965
-0.20151716
-0.1982861
-0.19510488
-0.19197282
-0.94661486
-0.9323549
-0.91829544
-0.9043529
-0.8905279
-0.8768353
-0.86328757
-0.8498923
-0.8366542
-0.8235761
-0.8106607
-0.7979105
-0.78532773
-0.7729145
-0.76067233
-0.7486028
-0.73670673
-0.7249844
-0.7134359
-0.7020609
-0.6908583
-0.67982686
-0.66896564
-0.6582731
-0.6477476
-0.63738644
-0.6271885
-0.6171511
-0.6072728
-0.5975509
-0.587984
-0.5785695
-0.5693056
-0.5601893
-0.55122
-0.5423944
-0.5337107
-0.5251672
-0.51676154
-0.5084916
-0.50035566
-0.49235132
-0.4844768
-0.4767303
-0.46910894
-0.46161163
-0.454236
-0.44698042
-0.4398423
-0.43282047
-0.4259123
-0.41911626
-0.4124306
-0.40585324
-0.39938247
-0.39301613
-0.3867529
-0.3805908
-0.374528
-0.36856312
-0.36269373
-0.356919
-0.35123673
-0.34564596
-0.34014437
-0.33473063
-0.32940364
-0.32416132
-0.3190028
-0.31392583
-0.3089296
-0.3040128
-0.29917416
-0.29441115
-0.28972402
-0.28511086
-0.2805698
-0.27610096
-0.2717018
-0.2673721
-0.26311013
-0.25891528
-0.25478595
-0.250721
-0.24672
-0.2427812
-0.23890376
-0.23508683
-0.23132971
-0.22763106
-0.22398944
-0.22040507
-0.21687624
-0.2134023
-0.20998223
-0.20661521
-0.20330049
-0.2000376
-0.19682512
-0.1936629
-0.95357645
-0.9393663
-0.92534083
-0.91139853
-0.89754236
-0.88379675
-0.8701814
-0.856709
-0.8433869
-0.8302204
-0.81721276
-0.80436784
-0.79168874
-0.7791775
-0.76683736
-0.7546699
-0.7426762
-0.73085696
-0.7192123
-0.7077426
-0.69644654
-0.6853235
-0.67437214
-0.66359097
-0.65297747
-0.6425307
-0.6322484
-0.62212837
-0.61216843
-0.602367
-0.5927217
-0.5832299
-0.5738901
-0.5646996
-0.55565697
-0.5467595
-0.5380047
-0.5293919
-0.52091795
-0.5125808
-0.50437856
-0.49630928
-0.48837075
-0.48056132
-0.4728788
-0.46532077
-0.45788524
-0.45057085
-0.44337508
-0.43629646
-0.4293327
-0.42248145
-0.41574186
-0.40911156
-0.40258843
-0.39617082
-0.3898571
-0.38364506
-0.37753364
-0.37152004
-0.36560354
-0.35978225
-0.35405412
-0.34841764
-0.34287158
-0.33741364
-0.33204335
-0.3267587
-0.321558
-0.31643993
-0.31140253
-0.30644536
-0.30156654
-0.29676494
-0.29203916
-0.28738767
-0.28280938
-0.278303
-0.27386767
-0.2695016
-0.26520404
-0.2609743
-0.25680992
-0.25271088
-0.24867563
-0.24470332
-0.24079333
-0.23694408
-0.23315465
-0.22942367
-0.22575127
-0.22213584
-0.2185764
-0.21507226
-0.21162242
-0.2082264
-0.20488277
-0.20159082
-0.19835012
-0.19515967
-0.9596687
-0.94551766
-0.9315324
-0.917597
-0.9037169
-0.8899252
-0.8762495
-0.862708
-0.8493108
-0.83606476
-0.82297504
-0.8100455
-0.7972799
-0.78468204
-0.7722542
-0.7599991
-0.7479182
-0.7360127
-0.724283
-0.71272904
-0.70135015
-0.69014573
-0.67911404
-0.668254
-0.6575638
-0.6470412
-0.6366848
-0.6264916
-0.61646026
-0.60658854
-0.5968741
-0.5873147
-0.5779082
-0.5686527
-0.55954534
-0.5505847
-0.54176855
-0.53309447
-0.52456033
-0.51616424
-0.5079047
-0.4997783
-0.49178407
-0.48391944
-0.47618282
-0.46857148
-0.46108392
-0.4537181
-0.44647172
-0.4393432
-0.43233022
-0.42543158
-0.4186446
-0.41196746
-0.40539876
-0.39893615
-0.3925779
-0.3863223
-0.38016778
-0.3741124
-0.36815396
-0.36229178
-0.35652304
-0.35084724
-0.34526184
-0.33976582
-0.33435732
-0.32903504
-0.3237972
-0.31864265
-0.31356964
-0.30857715
-0.30366313
-0.298827
-0.29406747
-0.28938207
-0.28477103
-0.28023213
-0.27576447
-0.2713664
-0.2670375
-0.26277626
-0.25858146
-0.25445205
-0.25038707
-0.24638538
-0.24244583
-0.23856749
-0.23474917
-0.23099104
-0.22729024
-0.22364739
-0.22006062
-0.2165296
-0.21305351
-0.20963064
-0.20626119
-0.20294407
-0.1996775
-0.19646192
-0.9648908
-0.9508138
-0.93687195
-0.9229482
-0.9090493
-0.89521706
-0.88148785
-0.8678846
-0.8544208
-0.84110457
-0.82794183
-0.8149379
-0.8020963
-0.7894217
-0.7769173
-0.7645852
-0.75242823
-0.74044704
-0.72864264
-0.7170151
-0.7055641
-0.6942885
-0.6831873
-0.6722593
-0.6615019
-0.6509138
-0.6404927
-0.630237
-0.620144
-0.6102114
-0.6004374
-0.5908197
-0.58135575
-0.572044
-0.562882
-0.5538672
-0.5449976
-0.53627115
-0.52768564
-0.5192394
-0.51092947
-0.50275475
-0.49471223
-0.48680064
-0.4790175
-0.4713608
-0.46382827
-0.45641834
-0.44912887
-0.44195768
-0.43490312
-0.4279627
-0.42113534
-0.4144183
-0.40781024
-0.40130883
-0.39491275
-0.3886199
-0.38242832
-0.37633672
-0.37034276
-0.3644451
-0.35864183
-0.35293174
-0.3473129
-0.34178388
-0.33634236
-0.33098763
-0.32571855
-0.3205323
-0.31542885
-0.31040564
-0.30546176
-0.30059567
-0.29580653
-0.2910926
-0.28645277
-0.28188536
-0.27738944
-0.2729645
-0.26860788
-0.26431987
-0.2600983
-0.25594276
-0.25185168
-0.24782427
-0.24385945
-0.23995574
-0.23611282
-0.23232946
-0.22860518
-0.22493786
-0.22132745
-0.2177727
-0.21427293
-0.21082735
-0.20743503
-0.20409478
-0.20080669
-0.19756912
-0.96924144
-0.95525914
-0.9413612
-0.9274508
-0.9135369
-0.8996694
-0.8858927
-0.8722347
-0.8587122
-0.8453346
-0.8321088
-0.81904
-0.80613303
-0.7933924
-0.7808215
-0.7684237
-0.7562006
-0.74415475
-0.7322867
-0.72059643
-0.7090839
-0.69774777
-0.6865875
-0.67560154
-0.6647875
-0.65414417
-0.64366895
-0.63335997
-0.623215
-0.6132316
-0.60340774
-0.59374124
-0.5842298
-0.57487077
-0.56566274
-0.5566026
-0.5476887
-0.53891885
-0.5302907
-0.5218019
-0.513451
-0.5052355
-0.4971532
-0.48920247
-0.4813803
-0.47368556
-0.46611598
-0.45866948
-0.45134363
-0.44413713
-0.4370476
-0.43007296
-0.4232118
-0.4164612
-0.40982082
-0.40328732
-0.39685956
-0.39053518
-0.38431305
-0.37819108
-0.37216738
-0.36624056
-0.3604085
-0.3546696
-0.34902298
-0.34346554
-0.33799732
-0.33261594
-0.3273199
-0.32210764
-0.31697807
-0.311929
-0.30696023
-0.30206922
-0.29725516
-0.29251662
-0.28785276
-0.2832621
-0.2787426
-0.2742939
-0.26991457
-0.26560372
-0.26135975
-0.2571817
-0.25306848
-0.24901873
-0.24503247
-0.24110746
-0.23724334
-0.23343873
-0.22969341
-0.22600573
-0.22237457
-0.21879996
-0.21528023
-0.2118145
-0.2084025
-0.2050429
-0.2017354
-0.19847822
-0.9727248
-0.9588583
-0.9450029
-0.9311049
-0.9171777
-0.9032789
-0.8894601
-0.87575454
-0.8621813
-0.8487511
-0.83547133
-0.8223482
-0.809386
-0.79658955
-0.7839632
-0.77151
-0.7592326
-0.7471325
-0.7352113
-0.7234689
-0.7119054
-0.7005198
-0.689311
-0.6782774
-0.6674173
-0.6567287
-0.6462097
-0.63585764
-0.6256707
-0.61564624
-0.60578245
-0.5960766
-0.5865266
-0.57712996
-0.5678851
-0.55878854
-0.54983944
-0.54103446
-0.5323722
-0.5238499
-0.51546574
-0.50721794
-0.4991037
-0.49112147
-0.48326868
-0.4755438
-0.46794462
-0.46046835
-0.45311412
-0.4458792
-0.43876165
-0.43175992
-0.4248714
-0.41809505
-0.41142777
-0.40486872
-0.39841574
-0.3920668
-0.3858201
-0.37967363
-0.37362626
-0.36767602
-0.36182043
-0.35605925
-0.3503899
-0.3448105
-0.33932018
-0.33391684
-0.32859963
-0.32336625
-0.3182155
-0.31314617
-0.30815688
-0.3032455
-0.2984116
-0.2936535
-0.28897
-0.28435934
-0.27982104
-0.27535337
-0.27095547
-0.26662573
-0.26236328
-0.2581669
-0.25403544
-0.24996805
-0.2459636
-0.24202125
-0.23813927
-0.23431754
-0.23055454
-0.2268498
-0.22320189
-0.21961024
-0.2160735
-0.2125915
-0.20916276
-0.20578702
-0.20246284
-0.19918957
-0.97535485
-0.9616166
-0.9477989
-0.93390954
-0.91996956
-0.9060427
-0.89218765
-0.87844115
-0.86482495
-0.8513509
-0.83802676
-0.8248584
-0.81185114
-0.79900974
-0.7863383
-0.7738409
-0.76151925
-0.7493766
-0.73741317
-0.7256297
-0.71402615
-0.7026015
-0.6913547
-0.6802842
-0.6693883
-0.658665
-0.64811224
-0.6377275
-0.6275083
-0.6174528
-0.6075585
-0.5978228
-0.588244
-0.5788192
-0.5695461
-0.56042296
-0.55144674
-0.54261583
-0.53392804
-0.5253808
-0.51697206
-0.5087
-0.5005621
-0.49255654
-0.48468077
-0.47693312
-0.46931192
-0.46181387
-0.45443818
-0.44718206
-0.44004408
-0.43302208
-0.42611322
-0.4193167
-0.41263074
-0.4060522
-0.39958012
-0.39321262
-0.38694757
-0.3807832
-0.37471843
-0.36874986
-0.36287755
-0.35709858
-0.35141256
-0.3458166
-0.3403097
-0.33489
-0.3295564
-0.3243071
-0.3191402
-0.31405577
-0.30905038
-0.30412403
-0.29927486
-0.29450163
-0.2898028
-0.28517795
-0.28062445
-0.27614218
-0.2717296
-0.26738527
-0.26310846
-0.2588978
-0.25475207
-0.25067097
-0.24665205
-0.2426955
-0.23880021
-0.23496448
-0.23118797
-0.2274692
-0.22380751
-0.22020237
-0.21665224
-0.21315676
-0.20971456
-0.20632549
-0.20298806
-0.19970177
-0.9771548
-0.96353894
-0.94975
-0.93586403
-0.9219104
-0.90795887
-0.89407223
-0.88029164
-0.8666404
-0.85313123
-0.8397718
-0.8265684
-0.8135263
-0.8006503
-0.7879449
-0.77541345
-0.76305944
-0.75088435
-0.7388896
-0.7270761
-0.71544355
-0.7039906
-0.69271654
-0.68162024
-0.6706987
-0.65995103
-0.64937466
-0.63896686
-0.62872577
-0.61864924
-0.60873425
-0.59897846
-0.58937985
-0.57993615
-0.57064474
-0.5615032
-0.55250967
-0.5436615
-0.53495646
-0.52639306
-0.51796776
-0.50967985
-0.50152624
-0.4935055
-0.4856148
-0.47785255
-0.4702167
-0.46270496
-0.45531505
-0.44804525
-0.44089317
-0.4338576
-0.42693606
-0.42012677
-0.41342738
-0.40683636
-0.40035224
-0.39397213
-0.3876951
-0.3815189
-0.37544158
-0.36946183
-0.36357784
-0.3577876
-0.35208976
-0.34648255
-0.34096456
-0.3355343
-0.33018953
-0.32492945
-0.31975213
-0.31465647
-0.3096407
-0.30470377
-0.29984388
-0.29506
-0.290351
-0.28571546
-0.28115174
-0.27665886
-0.27223608
-0.2678815
-0.26359442
-0.25937337
-0.25521743
-0.2511261
-0.24709706
-0.24313048
-0.2392241
-0.23537873
-0.23159206
-0.2278629
-0.22419135
-0.22057584
-0.21701552
-0.21350987
-0.21005745
-0.20665805
-0.20331018
-0.20001352
-0.9781519
-0.9646293
-0.9508568
-0.936967
-0.92299825
-0.9090244
-0.8951119
-0.8813043
-0.8676261
-0.8540902
-0.84070504
-0.82747614
-0.8144094
-0.8015092
-0.7887802
-0.7762263
-0.76385015
-0.75165415
-0.73963946
-0.72780657
-0.7161556
-0.70468545
-0.6933952
-0.68228316
-0.671347
-0.6605849
-0.64999527
-0.63957536
-0.6293223
-0.6192338
-0.60930824
-0.59954196
-0.58993345
-0.58048
-0.5711791
-0.56202877
-0.5530264
-0.5441701
-0.535457
-0.52688533
-0.5184527
-0.5101569
-0.50199634
-0.49396795
-0.48607022
-0.4783012
-0.47065786
-0.46313933
-0.45574322
-0.4484667
-0.44130853
-0.4342664
-0.42733893
-0.42052302
-0.41381755
-0.40722084
-0.40073025
-0.39434424
-0.38806114
-0.3818791
-0.3757963
-0.36981046
-0.36392066
-0.35812515
-0.35242155
-0.34680852
-0.3412849
-0.33584863
-0.33049837
-0.32523227
-0.3200497
-0.3149479
-0.30992627
-0.30498332
-0.30011812
-0.2953284
-0.2906131
-0.28597155
-0.28140208
-0.2769036
-0.27247456
-0.26811376
-0.2638203
-0.2595935
-0.255431
-0.25133294
-0.24729805
-0.2433246
-0.23941219
-0.23555963
-0.23176622
-0.22803047
-0.22435185
-0.22072995
-0.21716268
-0.21364999
-0.2101905
-0.20678377
-0.20342904
-0.20012532
-0.9783683
-0.96489024
-0.9511183
-0.9372168
-0.92323136
-0.90923816
-0.89530545
-0.8814778
-0.8677804
-0.8542265
-0.8408244
-0.82758015
-0.8144985
-0.801585
-0.7888433
-0.77627766
-0.76389056
-0.7516848
-0.7396609
-0.72782004
-0.7161616
-0.7046852
-0.69338924
-0.68227214
-0.67133206
-0.66056675
-0.6499738
-0.6395514
-0.62929636
-0.6192066
-0.6092798
-0.599513
-0.589904
-0.58045006
-0.57114923
-0.5619992
-0.5529969
-0.54414105
-0.53542864
-0.5268576
-0.518426
-0.51013076
-0.50197077
-0.49394333
-0.4860465
-0.47827798
-0.47063598
-0.46311823
-0.45572245
-0.44844675
-0.4412894
-0.43424812
-0.427321
-0.42050594
-0.41380116
-0.40720466
-0.4007146
-0.3943291
-0.3880466
-0.38186455
-0.3757817
-0.36979634
-0.36390647
-0.35811046
-0.35240716
-0.3467941
-0.34126988
-0.33583322
-0.33048233
-0.32521558
-0.3200324
-0.31492975
-0.3099073
-0.30496377
-0.30009714
-0.29530632
-0.29058954
-0.2859464
-0.28137532
-0.27687505
-0.27244374
-0.2680816
-0.26378593
-0.25955617
-0.25539207
-0.2512915
-0.24725357
-0.2432778
-0.23936233
-0.23550692
-0.23171046
-0.22797151
-0.22428961
-0.22066373
-0.21709336
-0.21357682
-0.21011354
-0.20670277
-0.20334421
-0.20003626
-0.9778125
-0.9643213
-0.95053214
-0.9366113
-0.9226082
-0.9085987
-0.89465153
-0.8808109
-0.86710256
-0.85353947
-0.84013003
-0.8268796
-0.81379396
-0.8008771
-0.7881335
-0.77556694
-0.7631803
-0.7509756
-0.73895395
-0.727116
-0.7154612
-0.7039894
-0.6926985
-0.6815874
-0.6706537
-0.6598953
-0.6493101
-0.6388953
-0.6286486
-0.6185673
-0.608649
-0.598891
-0.5892909
-0.5798466
-0.5705549
-0.56141406
-0.55242133
-0.5435746
-0.5348713
-0.5263096
-0.51788706
-0.5096013
-0.5014499
-0.4934315
-0.4855434
-0.4777838
-0.47014996
-0.46264037
-0.4552532
-0.44798562
-0.44083583
-0.43380246
-0.42688298
-0.42007557
-0.4133778
-0.40678844
-0.4003049
-0.39392638
-0.38765022
-0.38147467
-0.3753979
-0.3694188
-0.36353472
-0.35774457
-0.3520465
-0.3464387
-0.3409197
-0.33548763
-0.33014172
-0.3248798
-0.3197005
-0.31460232
-0.30958366
-0.3046438
-0.29978052
-0.2949933
-0.2902798
-0.28563967
-0.28107172
-0.27657333
-0.2721447
-0.26778454
-0.26349106
-0.25926337
-0.25510088
-0.25100142
-0.24696466
-0.24298999
-0.23907554
-0.23522066
-0.23142454
-0.22768576
-0.22400409
-0.22037786
-0.21680693
-0.21328995
-0.20982607
-0.20641473
-0.203055
-0.19974539
-0.97647774
-0.9629193
-0.94909567
-0.9351489
-0.9211274
-0.9071055
-0.89314955
-0.8793035
-0.86559224
-0.85202897
-0.83862126
-0.825375
-0.8122947
-0.7993852
-0.7866507
-0.7740943
-0.76171875
-0.74952656
-0.7375182
-0.7256946
-0.7140546
-0.7025984
-0.6913237
-0.68022907
-0.6693126
-0.6585719
-0.6480044
-0.63760746
-0.6273792
-0.61731637
-0.6074165
-0.59767693
-0.5880957
-0.5786698
-0.5693966
-0.5602742
-0.5513001
-0.5424712
-0.533786
-0.525242
-0.51683676
-0.50856864
-0.50043494
-0.49243337
-0.48456153
-0.47681865
-0.46920112
-0.46170762
-0.45433554
-0.4470834
-0.43994936
-0.43293008
-0.42602497
-0.4192315
-0.41254795
-0.4059724
-0.3995027
-0.39313683
-0.38687336
-0.38071033
-0.37464598
-0.36867857
-0.36280635
-0.3570275
-0.35134014
-0.34574312
-0.3402345
-0.33481297
-0.32947695
-0.3242244
-0.31905448
-0.3139654
-0.30895576
-0.30402416
-0.2991696
-0.29438978
-0.28968412
-0.2850515
-0.28049022
-0.27599928
-0.27157724
-0.26722312
-0.26293576
-0.2587141
-0.2545566
-0.2504626
-0.2464311
-0.2424611
-0.238551
-0.23470059
-0.23090816
-0.22717337
-0.22349502
-0.21987242
-0.21630418
-0.21278995
-0.20932823
-0.20591903
-0.20256163
-0.19925441
-0.9743451
-0.9606788
-0.9468065
-0.9328283
-0.9187884
-0.9047577
-0.8907995
-0.87695557
-0.86324984
-0.84969485
-0.83629847
-0.82306594
-0.81000143
-0.7971101
-0.78439534
-0.77186006
-0.7595073
-0.7473385
-0.7353549
-0.72355646
-0.7119429
-0.7005131
-0.68926555
-0.67819864
-0.6673098
-0.6565969
-0.64605796
-0.63568914
-0.6254893
-0.61545503
-0.6055836
-0.59587204
-0.5863189
-0.57692105
-0.56767553
-0.55858076
-0.5496337
-0.54083216
-0.5321737
-0.52365613
-0.5152773
-0.50703454
-0.49892628
-0.4909496
-0.48310274
-0.47538364
-0.46779022
-0.46031973
-0.452971
-0.44574165
-0.4386292
-0.4316326
-0.42474866
-0.41797584
-0.4113133
-0.40475768
-0.3983076
-0.3919612
-0.3857169
-0.37957215
-0.3735263
-0.36757642
-0.36172163
-0.35595977
-0.35028902
-0.3447081
-0.3392156
-0.3338094
-0.3284882
-0.32325107
-0.31809515
-0.31301987
-0.30802378
-0.3031054
-0.2982636
-0.29349667
-0.28880316
-0.28418213
-0.27963245
-0.2751528
-0.27074143
-0.2663978
-0.26212022
-0.2579085
-0.25376055
-0.24967563
-0.24565303
-0.2416911
-0.23778972
-0.23394679
-0.2301621
-0.22643405
-0.22276282
-0.21914653
-0.21558478
-0.2120766
-0.20862086
-0.20521697
-0.20186457
-0.19856182
-0.97139037
-0.9575936
-0.943662
-0.9296481
-0.91559047
-0.9015555
-0.8876016
-0.8737673
-0.86007553
-0.84653807
-0.83316225
-0.8199534
-0.8069157
-0.79405284
-0.7813685
-0.7688658
-0.75654703
-0.7444132
-0.73246557
-0.7207037
-0.7091274
-0.6977352
-0.6865258
-0.6754973
-0.664647
-0.6539731
-0.64347225
-0.63314253
-0.6229809
-0.6129848
-0.60315156
-0.5934782
-0.58396286
-0.574602
-0.56539387
-0.55633587
-0.5474248
-0.53865904
-0.53003615
-0.52155346
-0.51320887
-0.50500035
-0.49692565
-0.4889818
-0.48116806
-0.47348073
-0.46591848
-0.45847934
-0.45116076
-0.4439616
-0.43687832
-0.4299102
-0.42305467
-0.41631
-0.40967447
-0.40314528
-0.39672145
-0.39040107
-0.38418126
-0.3780618
-0.37203977
-0.36611348
-0.36028177
-0.35454243
-0.34889403
-0.34333476
-0.3378632
-0.3324779
-0.32717717
-0.32195926
-0.31682286
-0.3117669
-0.30678907
-0.30188844
-0.29706427
-0.29231447
-0.28763726
-0.2830328
-0.2784989
-0.27403393
-0.2696379
-0.2653087
-0.2610457
-0.25684726
-0.25271332
-0.24864094
-0.24463075
-0.24068116
-0.23679078
-0.23295979
-0.22918655
-0.22546905
-0.2218079
-0.21820156
-0.2146498
-0.21115069
-0.20770365
-0.2043081
-0.20096368
-0.1976689
-0.9675925
-0.95365846
-0.93965966
-0.92560726
-0.9115339
-0.897499
-0.88355577
-0.869739
-0.85606974
-0.84255916
-0.8292138
-0.8160387
-0.8030376
-0.79021436
-0.7775721
-0.76511294
-0.75283927
-0.74075174
-0.72885156
-0.71713763
-0.7056101
-0.69426686
-0.68310684
-0.6721272
-0.66132635
-0.65070134
-0.6402497
-0.62996906
-0.61985606
-0.6099081
-0.6001228
-0.59049743
-0.58102894
-0.5717152
-0.5625533
-0.5535405
-0.54467493
-0.535954
-0.5273752
-0.51893634
-0.5106348
-0.50246817
-0.4944352
-0.48653242
-0.47875908
-0.4711115
-0.46358824
-0.45618737
-0.44890708
-0.4417443
-0.43469787
-0.42776546
-0.42094538
-0.41423503
-0.40763298
-0.40113747
-0.39474592
-0.3884572
-0.38226917
-0.37617975
-0.37018773
-0.36429152
-0.3584884
-0.35277718
-0.3471563
-0.3416243
-0.33617926
-0.33081985
-0.32554394
-0.32035136
-0.3152392
-0.31020632
-0.30525208
-0.30037427
-0.29557186
-0.2908433
-0.28618795
-0.28160375
-0.27708995
-0.27264473
-0.26826766
-0.2639576
-0.2597124
-0.25553176
-0.25141424
-0.24735945
-0.24336532
-0.23943143
-0.23555698
-0.23174068
-0.2279814
-0.22427815
-0.22063085
-0.21703792
-0.2134983
-0.21001185
-0.20657682
-0.20319356
-0.19985986
-0.1965759
-0.9629369
-0.9488685
-0.93479806
-0.92070556
-0.9066182
-0.89258844
-0.8786627
-0.8648716
-0.85123384
-0.8377594
-0.8244546
-0.8113238
-0.79837066
-0.7855978
-0.7730086
-0.7606045
-0.7483873
-0.73635805
-0.7245162
-0.71286213
-0.701394
-0.69011116
-0.67901117
-0.66809183
-0.6573507
-0.6467857
-0.6363935
-0.62617147
-0.6161174
-0.60622823
-0.5965005
-0.58693236
-0.57752055
-0.5682627
-0.5591564
-0.55019873
-0.5413876
-0.53271997
-0.5241937
-0.5158069
-0.5075566
-0.4994408
-0.4914574
-0.48360384
-0.47587824
-0.46827832
-0.46080205
-0.45344687
-0.4462114
-0.43909326
-0.43209034
-0.4252004
-0.4184222
-0.41175306
-0.40519142
-0.39873517
-0.39238304
-0.38613242
-0.3799818
-0.37392905
-0.36797294
-0.3621117
-0.3563428
-0.3506656
-0.34507772
-0.3395782
-0.334165
-0.32883638
-0.32359126
-0.31842783
-0.3133453
-0.30834088
-0.303414
-0.2985641
-0.29378802
-0.2890859
-0.28445548
-0.27989668
-0.275407
-0.27098605
-0.26663187
-0.262344
-0.2581211
-0.25396183
-0.24986574
-0.24583136
-0.24185733
-0.23794326
-0.2340877
-0.23028938
-0.22654827
-0.22286274
-0.21923256
-0.2156562
-0.21213274
-0.20866166
-0.20524196
-0.20187312
-0.19855395
-0.19528405
-0.9574164
-0.94321996
-0.9290746
-0.9149419
-0.9008439
-0.88682455
-0.8729232
-0.85916615
-0.84556895
-0.83214074
-0.818887
-0.805811
-0.79291654
-0.7802057
-0.7676808
-0.7553435
-0.7431944
-0.73123443
-0.71946317
-0.7078798
-0.6964828
-0.68527126
-0.67424214
-0.6633939
-0.6527238
-0.6422291
-0.6319069
-0.6217542
-0.6117694
-0.601948
-0.592288
-0.5827866
-0.57344127
-0.5642487
-0.55520713
-0.5463134
-0.537565
-0.5289595
-0.5204949
-0.5121682
-0.5039776
-0.49592087
-0.48799515
-0.48019865
-0.47252864
-0.46498427
-0.457562
-0.45026025
-0.44307712
-0.43601054
-0.4290579
-0.42221805
-0.41548824
-0.40886688
-0.40235254
-0.39594203
-0.38963494
-0.38342866
-0.37732115
-0.37131092
-0.36539695
-0.35957602
-0.35384792
-0.34820968
-0.3426605
-0.3371985
-0.33182213
-0.32652992
-0.32132018
-0.31619182
-0.31114268
-0.30617198
-0.30127782
-0.2964593
-0.2917144
-0.28704298
-0.2824425
-0.2779128
-0.27345148
-0.2690582
-0.2647314
-0.26047075
-0.2562737
-0.25213993
-0.2480685
-0.24405833
-0.2401084
-0.23621695
-0.23238407
-0.22860847
-0.22488832
-0.22122379
-0.21761411
-0.21405734
-0.21055318
-0.20710096
-0.20369938
-0.20034832
-0.19704652
-0.19379345
-0.9510267
-0.936708
-0.922487
-0.9083159
-0.894211
-0.88020825
-0.8663386
-0.8526242
-0.8390772
-0.82570523
-0.8125133
-0.799504
-0.78667915
-0.77404207
-0.7615931
-0.74933386
-0.7372646
-0.72538555
-0.71369594
-0.70219487
-0.69088054
-0.67975134
-0.6688047
-0.6580381
-0.6474494
-0.63703567
-0.62679386
-0.6167209
-0.60681456
-0.5970716
-0.587489
-0.57806414
-0.568794
-0.5596765
-0.55070853
-0.54188776
-0.5332113
-0.52467686
-0.5162821
-0.5080249
-0.49990198
-0.491912
-0.4840519
-0.47632033
-0.4687148
-0.46123284
-0.45387203
-0.44663084
-0.43950737
-0.4324991
-0.42560437
-0.41882062
-0.412146
-0.4055795
-0.39911827
-0.39276034
-0.38650447
-0.38034838
-0.37429056
-0.36832923
-0.36246172
-0.35668823
-0.35100526
-0.34541184
-0.3399064
-0.3344875
-0.32915288
-0.323902
-0.3187329
-0.31364396
-0.30863345
-0.3037008
-0.29884407
-0.2940621
-0.289353
-0.28471586
-0.28015012
-0.27565357
-0.27122515
-0.26686382
-0.26256853
-0.2583383
-0.25417128
-0.2500668
-0.24602422
-0.24204195
-0.23811918
-0.23425503
-0.23044764
-0.22669727
-0.22300251
-0.21936229
-0.21577594
-0.21224245
-0.20876116
-0.20533055
-0.2019506
-0.19862038
-0.19533876
-0.19210495
-0.9437631
-0.92932767
-0.91503215
-0.90082633
-0.8867204
-0.8727405
-0.8589113
-0.84524834
-0.831762
-0.81845725
-0.8053378
-0.7924062
-0.7796633
-0.76711106
-0.75475
-0.74258083
-0.7306031
-0.7188167
-0.7072203
-0.6958128
-0.6845926
-0.6735567
-0.6627033
-0.6520297
-0.641533
-0.63121057
-0.6210593
-0.6110765
-0.6012588
-0.59160364
-0.5821083
-0.57276946
-0.5635843
-0.5545507
-0.5456659
-0.5369266
-0.52833116
-0.5198763
-0.51156014
-0.5033801
-0.49533346
-0.48741814
-0.47963214
-0.4719731
-0.46443868
-0.45702705
-0.44973567
-0.44256255
-0.4355056
-0.42856282
-0.42173207
-0.41501173
-0.40839946
-0.4018937
-0.3954918
-0.3891925
-0.38299435
-0.37689498
-0.3708921
-0.36498505
-0.35917124
-0.35344955
-0.34781793
-0.34227446
-0.33681864
-0.33144766
-0.32616055
-0.32095572
-0.315832
-0.31078747
-0.30582055
-0.30093038
-0.29611522
-0.2913742
-0.28670555
-0.28210783
-0.27757993
-0.27312097
-0.26872978
-0.2644045
-0.26014438
-0.25594845
-0.25181547
-0.2477445
-0.24373409
-0.2397831
-0.23589149
-0.23205727
-0.2282804
-0.22455834
-0.22089206
-0.21727939
-0.21372013
-0.21021275
-0.20675728
-0.20335212
-0.19999674
-0.19669016
-0.19343199
-0.19022113
-0.9356193
-0.9210727
-0.90670705
-0.8924726
-0.87837225
-0.8644238
-0.8506433
-0.83704174
-0.8236266
-0.81040007
-0.79736495
-0.7845227
-0.77187365
-0.75941837
-0.747157
-0.73508966
-0.72321516
-0.71153307
-0.7000419
-0.68873936
-0.67762405
-0.6666929
-0.6559436
-0.6453738
-0.63497955
-0.62475926
-0.6147087
-0.60482585
-0.5951072
-0.58554965
-0.5761509
-0.56690764
-0.55781734
-0.54887646
-0.5400836
-0.53143525
-0.52292895
-0.51456213
-0.50633276
-0.4982383
-0.49027625
-0.48244354
-0.47473964
-0.4671611
-0.45970553
-0.4523716
-0.44515672
-0.43805876
-0.4310754
-0.42420533
-0.4174459
-0.4107953
-0.4042515
-0.39781314
-0.39147738
-0.3852435
-0.37910846
-0.37307146
-0.36712998
-0.3612828
-0.35552776
-0.349864
-0.34428877
-0.33880085
-0.33339918
-0.32808158
-0.32284713
-0.31769338
-0.31262004
-0.30762443
-0.3027058
-0.29786292
-0.29309386
-0.28839812
-0.28377375
-0.27922
-0.2747349
-0.27031752
-0.2659672
-0.26168215
-0.25746146
-0.253304
-0.24920864
-0.2451742
-0.24119988
-0.23728468
-0.23342721
-0.22962673
-0.2258827
-0.2221937
-0.218559
-0.21497738
-0.21144792
-0.20797037
-0.2045438
-0.20116676
-0.19783896
-0.19455937
-0.19132702
-0.1881419
-0.92658716
-0.9119363
-0.8975089
-0.8832543
-0.8691685
-0.85526025
-0.8415385
-0.8280092
-0.8146755
-0.80153894
-0.7886005
-0.7758595
-0.7633163
-0.75097024
-0.738821
-0.7268673
-0.7151078
-0.70354205
-0.69216716
-0.6809809
-0.6699815
-0.6591665
-0.648532
-0.63807636
-0.62779576
-0.6176874
-0.60774827
-0.5979752
-0.58836544
-0.57891554
-0.56962293
-0.5604847
-0.5514976
-0.5426596
-0.53396696
-0.52541804
-0.5170101
-0.50874
-0.50060564
-0.49260533
-0.4847354
-0.47699392
-0.46937904
-0.46188867
-0.45451984
-0.4472712
-0.44013965
-0.4331238
-0.42622164
-0.4194311
-0.41274893
-0.4061752
-0.3997066
-0.39334223
-0.38707885
-0.3809155
-0.37485036
-0.3688816
-0.36300725
-0.3572255
-0.35153538
-0.34593427
-0.34042102
-0.3349944
-0.32965192
-0.32439294
-0.31921512
-0.314118
-0.30909953
-0.304158
-0.29929247
-0.29450095
-0.2897833
-0.28513676
-0.28056115
-0.27605492
-0.27161703
-0.26724556
-0.26294002
-0.25869903
-0.25452122
-0.2504061
-0.24635252
-0.24235885
-0.23842415
-0.23454787
-0.23072882
-0.22696528
-0.22325778
-0.21960454
-0.2160046
-0.2124573
-0.20896155
-0.20551656
-0.20212176
-0.19877641
-0.19547892
-0.19222933
-0.1890265
-0.18586999
-0.9166562
-0.9019127
-0.88743484
-0.8731717
-0.85911125
-0.8452538
-0.8316013
-0.8181553
-0.8049152
-0.7918805
-0.7790505
-0.76642364
-0.7539985
-0.741774
-0.72974867
-0.7179209
-0.7062885
-0.69485
-0.68360305
-0.67254496
-0.661673
-0.65098476
-0.6404765
-0.6301452
-0.6199885
-0.6100027
-0.6001848
-0.5905317
-0.5810401
-0.57170737
-0.56253046
-0.5535066
-0.54463184
-0.5359051
-0.5273224
-0.51888174
-0.5105804
-0.5024155
-0.49438456
-0.48648602
-0.4787166
-0.47107404
-0.46355656
-0.4561615
-0.44888708
-0.4417307
-0.4346899
-0.42776367
-0.42094907
-0.41424423
-0.4076475
-0.4011563
-0.3947694
-0.38848445
-0.38230008
-0.37621364
-0.37022397
-0.3643293
-0.35852796
-0.35281765
-0.34719697
-0.34166467
-0.33621877
-0.33085805
-0.32558042
-0.3203847
-0.31526947
-0.31023282
-0.305274
-0.30039072
-0.29558298
-0.290848
-0.28618535
-0.2815931
-0.2770704
-0.272616
-0.26822913
-0.26390752
-0.25965118
-0.25545812
-0.25132746
-0.24725835
-0.24324925
-0.23930018
-0.23540896
-0.2315751
-0.22779718
-0.22407515
-0.2204073
-0.21679288
-0.21323146
-0.20972158
-0.20626271
-0.20285401
-0.19949383
-0.19618261
-0.19291899
-0.18970221
-0.18653153
-0.18340588
-0.905817
-0.8909959
-0.87648314
-0.86222523
-0.84820276
-0.8344079
-0.8208367
-0.8074856
-0.7943517
-0.7814313
-0.76872236
-0.756222
-0.7439273
-0.73183674
-0.7199476
-0.7082579
-0.69676465
-0.68546605
-0.6743584
-0.6634393
-0.6527059
-0.6421552
-0.6317833
-0.62158775
-0.611565
-0.60171205
-0.5920254
-0.5825019
-0.57313895
-0.56393284
-0.55488133
-0.5459804
-0.5372278
-0.52862096
-0.52015704
-0.5118327
-0.5036464
-0.4955949
-0.48767596
-0.4798872
-0.47222596
-0.4646903
-0.4572772
-0.44998524
-0.44281182
-0.43575543
-0.42881292
-0.42198256
-0.4152627
-0.40865028
-0.40214458
-0.3957432
-0.38944438
-0.38324544
-0.37714547
-0.37114224
-0.3652342
-0.35941982
-0.3536962
-0.3480629
-0.34251785
-0.33705926
-0.33168596
-0.32639635
-0.32118824
-0.31606084
-0.31101257
-0.30604166
-0.301147
-0.29632756
-0.291581
-0.28690675
-0.2823036
-0.2777697
-0.27330455
-0.26890633
-0.26457396
-0.26030663
-0.25610322
-0.25196183
-0.24788189
-0.24386312
-0.23990282
-0.2360012
-0.23215717
-0.22836909
-0.22463648
-0.22095819
-0.21733375
-0.21376191
-0.21024156
-0.20677258
-0.20335296
-0.19998284
-0.19666146
-0.1933878
-0.19016045
-0.1869798
-0.18384393
-0.18075301
-0.894061
-0.8791829
-0.86465365
-0.85041714
-0.8364469
-0.82272804
-0.8092508
-0.7960076
-0.782992
-0.7701991
-0.75762427
-0.74526286
-0.7331119
-0.7211676
-0.7094274
-0.6978875
-0.68654513
-0.6753976
-0.6644408
-0.6536725
-0.64308876
-0.63268614
-0.622462
-0.6124123
-0.60253423
-0.5928239
-0.5832786
-0.5738948
-0.5646698
-0.5555995
-0.54668194
-0.53791356
-0.529292
-0.520814
-0.51247704
-0.50427824
-0.49621522
-0.48828548
-0.4804861
-0.4728153
-0.46526977
-0.4578483
-0.4505479
-0.4433666
-0.43630192
-0.42935163
-0.42251417
-0.41578683
-0.40916798
-0.40265554
-0.3962474
-0.3899418
-0.3837365
-0.37763047
-0.371621
-0.36570665
-0.3598858
-0.35415637
-0.34851697
-0.34296596
-0.33750147
-0.33212242
-0.32682648
-0.32161286
-0.3164795
-0.31142512
-0.30644885
-0.3015481
-0.2967227
-0.2919707
-0.28729072
-0.28268155
-0.27814218
-0.27367097
-0.26926684
-0.26492882
-0.26065576
-0.25644585
-0.2522991
-0.24821335
-0.24418837
-0.24022257
-0.23631483
-0.23246445
-0.22867061
-0.22493216
-0.2212479
-0.21761723
-0.21403933
-0.21051326
-0.20703763
-0.20361228
-0.20023586
-0.19690788
-0.19362788
-0.19039401
-0.1872063
-0.18406396
-0.18096627
-0.17791195
-0.88138205
-0.86647004
-0.85194606
-0.83774936
-0.82384735
-0.8102193
-0.7968498
-0.78372794
-0.77084464
-0.7581921
-0.74576396
-0.7335551
-0.7215605
-0.70977545
-0.69819635
-0.68681866
-0.6756392
-0.66465443
-0.65386045
-0.64325374
-0.6328307
-0.6225875
-0.6125212
-0.60262793
-0.5929043
-0.58334684
-0.57395273
-0.5647181
-0.5556406
-0.5467155
-0.53794146
-0.52931476
-0.52083266
-0.51249194
-0.50429076
-0.49622568
-0.4882945
-0.48049402
-0.47282258
-0.46527717
-0.45785573
-0.45055553
-0.44337514
-0.43631086
-0.429362
-0.42252553
-0.4157997
-0.40918237
-0.40267122
-0.39626476
-0.38996065
-0.38375694
-0.37765193
-0.3716439
-0.36573145
-0.35991168
-0.35418332
-0.34854525
-0.34299517
-0.3375318
-0.33215326
-0.32685816
-0.32164517
-0.31651273
-0.31145883
-0.30648264
-0.30158207
-0.29675663
-0.29200464
-0.28732455
-0.2827155
-0.2781753
-0.27370423
-0.26929975
-0.26496106
-0.26068708
-0.25647664
-0.25232863
-0.24824204
-0.24421619
-0.24024902
-0.23634025
-0.23248853
-0.22869329
-0.22495353
-0.22126758
-0.21763526
-0.21405552
-0.21052714
-0.20704994
-0.20362219
-0.20024343
-0.19691293
-0.1936305
-0.19039401
-0.18720348
-0.1840582
-0.18095744
-0.17790027
-0.17488554
-0.86777645
-0.85285795
-0.83836234
-0.8242257
-0.81040955
-0.79688776
-0.78364146
-0.7706552
-0.7579178
-0.7454195
-0.7331519
-0.7211086
-0.70928276
-0.6976696
-0.6862643
-0.67506117
-0.66405696
-0.65324664
-0.6426264
-0.6321928
-0.6219415
-0.6118684
-0.60197055
-0.5922439
-0.5826852
-0.573291
-0.56405723
-0.55498135
-0.5460602
-0.5372904
-0.5286685
-0.52019227
-0.5118582
-0.50366396
-0.49560654
-0.48768327
-0.4798919
-0.47222924
-0.46469304
-0.45728096
-0.4499904
-0.44281963
-0.43576595
-0.42882687
-0.42200035
-0.4152845
-0.40867713
-0.40217593
-0.39577928
-0.38948494
-0.3832908
-0.37719527
-0.3711966
-0.36529288
-0.359482
-0.35376278
-0.34813318
-0.34259164
-0.33713603
-0.33176586
-0.32647815
-0.32127234
-0.31614685
-0.3111001
-0.30613053
-0.30123693
-0.29641795
-0.2916717
-0.28699765
-0.282394
-0.2778598
-0.2733934
-0.2689941
-0.26466036
-0.26039124
-0.2561852
-0.25204128
-0.24795906
-0.24393679
-0.23997363
-0.23606841
-0.23221989
-0.22842818
-0.22469115
-0.22100812
-0.2173787
-0.21380107
-0.21027538
-0.2068001
-0.20337448
-0.19999778
-0.19666924
-0.19338784
-0.19015293
-0.18696344
-0.18381909
-0.18071923
-0.1776624
-0.17464869
-0.17167686
-0.85324335
-0.8383479
-0.82390577
-0.809851
-0.7961397
-0.7827414
-0.7696335
-0.7567982
-0.7442214
-0.73189074
-0.71979797
-0.70793307
-0.6962899
-0.6848611
-0.6736419
-0.6626254
-0.651808
-0.64118415
-0.6307495
-0.6205001
-0.6104313
-0.60053915
-0.5908203
-0.58127093
-0.57188684
-0.5626649
-0.55360204
-0.5446947
-0.53593904
-0.52733296
-0.5188726
-0.5105553
-0.502378
-0.4943387
-0.48643342
-0.47866002
-0.47101602
-0.4634988
-0.45610586
-0.44883457
-0.44168276
-0.4346481
-0.42772818
-0.4209211
-0.4142241
-0.40763536
-0.40115297
-0.39477453
-0.38849857
-0.38232267
-0.3762449
-0.3702635
-0.36437723
-0.35858327
-0.35288024
-0.34726647
-0.34174088
-0.3363011
-0.33094576
-0.32567328
-0.32048157
-0.31537005
-0.31033704
-0.30538106
-0.30050015
-0.29569417
-0.29096016
-0.286298
-0.2817063
-0.27718332
-0.2727281
-0.26833922
-0.2640161
-0.25975704
-0.2555613
-0.25142735
-0.24735382
-0.24334072
-0.23938611
-0.23548964
-0.23164964
-0.22786541
-0.22413653
-0.22046092
-0.21683842
-0.21326825
-0.20974937
-0.20628048
-0.20286132
-0.1994904
-0.19616789
-0.19289173
-0.18966232
-0.18647808
-0.18333906
-0.1802438
-0.1771917
-0.17418212
-0.17121442
-0.16828786
-0.83778393
-0.8229423
-0.8085808
-0.7946305
-0.78104407
-0.7677875
-0.75483495
-0.742166
-0.7297642
-0.7176169
-0.70571214
-0.69403976
-0.68259233
-0.67136127
-0.66034
-0.6495231
-0.6389045
-0.6284785
-0.6182407
-0.6081864
-0.5983109
-0.58861035
-0.57908106
-0.5697187
-0.5605197
-0.55148023
-0.5425973
-0.5338673
-0.525287
-0.5168534
-0.5085635
-0.5004137
-0.49240196
-0.48452532
-0.47678015
-0.46916482
-0.4616764
-0.45431232
-0.44706985
-0.43994644
-0.43294072
-0.4260492
-0.41927034
-0.41260135
-0.4060407
-0.39958563
-0.39323497
-0.38698593
-0.38083655
-0.37478483
-0.36882988
-0.3629682
-0.35719922
-0.3515209
-0.34593186
-0.34042904
-0.33501232
-0.32967973
-0.3244294
-0.31925967
-0.3141695
-0.30915692
-0.30422115
-0.2993607
-0.29457337
-0.28985822
-0.2852147
-0.28064048
-0.27613562
-0.2716976
-0.2673253
-0.26301834
-0.25877506
-0.25459427
-0.2504757
-0.24641718
-0.24241832
-0.23847766
-0.23459466
-0.23076816
-0.22699694
-0.22328024
-0.21961717
-0.21600717
-0.21244788
-0.20894045
-0.20548236
-0.20207423
-0.1987139
-0.19540119
-0.19213545
-0.18891528
-0.1857407
-0.18261024
-0.17952357
-0.17647988
-0.17347848
-0.1705187
-0.16759978
-0.16472067
-0.82140267
-0.8066465
-0.79239345
-0.77857167
-0.7651313
-0.75203526
-0.73925525
-0.7267696
-0.71455866
-0.70260894
-0.69090664
-0.6794407
-0.66820174
-0.65718126
-0.64637166
-0.6357657
-0.6253577
-0.61514103
-0.6051111
-0.5952633
-0.5855924
-0.5760941
-0.5667641
-0.5575992
-0.54859424
-0.5397471
-0.5310538
-0.5225106
-0.5141144
-0.5058625
-0.49775144
-0.48977798
-0.4819397
-0.47423378
-0.46665692
-0.45920733
-0.45188195
-0.4446784
-0.43759388
-0.43062663
-0.42377326
-0.41703194
-0.41040075
-0.4038771
-0.3974591
-0.39114457
-0.38493118
-0.3788176
-0.37280065
-0.3668796
-0.36105254
-0.3553169
-0.3496715
-0.34411427
-0.33864322
-0.33325753
-0.32795522
-0.3227344
-0.31759402
-0.3125322
-0.30754817
-0.30263928
-0.29780537
-0.29304397
-0.28835502
-0.28373614
-0.27918673
-0.27470526
-0.27029052
-0.26594156
-0.26165646
-0.2574348
-0.25327563
-0.24917743
-0.24513966
-0.2411601
-0.23723923
-0.23337512
-0.2295667
-0.22581333
-0.22211438
-0.21846858
-0.21487506
-0.21133289
-0.20784087
-0.20439883
-0.20100535
-0.19766012
-0.19436224
-0.19111048
-0.18790421
-0.18474285
-0.18162556
-0.17855187
-0.17552038
-0.17253107
-0.16958293
-0.16667536
-0.16380759
-0.16097917
-0.8041051
-0.7894677
-0.77535087
-0.76168233
-0.7484096
-0.7354943
-0.72290564
-0.7106195
-0.698616
-0.6868786
-0.6753933
-0.6641478
-0.6531312
-0.6423338
-0.6317479
-0.6213658
-0.6111799
-0.60118467
-0.59137416
-0.58174336
-0.57228726
-0.56300133
-0.5538815
-0.5449233
-0.5361235
-0.5274779
-0.518983
-0.51063573
-0.50243276
-0.49437082
-0.48644653
-0.47865814
-0.47100157
-0.46347442
-0.45607412
-0.44879785
-0.44164345
-0.43460736
-0.42768797
-0.4208826
-0.41418943
-0.40760502
-0.40112853
-0.3947566
-0.38848764
-0.38231957
-0.3762502
-0.3702778
-0.36439976
-0.35861495
-0.3529215
-0.3473171
-0.34180018
-0.33636922
-0.33102283
-0.3257585
-0.32057595
-0.31547195
-0.3104463
-0.30549723
-0.30062336
-0.29582348
-0.29109558
-0.2864385
-0.28185147
-0.2773333
-0.27288204
-0.26849705
-0.2641768
-0.25992075
-0.2557266
-0.25159487
-0.24752289
-0.24351093
-0.23955749
-0.23566094
-0.23182128
-0.2280367
-0.22430663
-0.22063011
-0.21700656
-0.21343441
-0.20991348
-0.2064424
-0.2030208
-0.19964756
-0.19632143
-0.19304271
-0.18980928
-0.18662141
-0.18347749
-0.18037793
-0.17732081
-0.17430627
-0.17133261
-0.16840044
-0.16550839
-0.1626554
-0.1598417
-0.1570658
-0.7858991
-0.77141386
-0.757462
-0.74397254
-0.7308907
-0.7181761
-0.7057971
-0.6937283
-0.6819483
-0.6704394
-0.6591856
-0.64817435
-0.63739365
-0.62683254
-0.61648303
-0.6063361
-0.5963845
-0.586622
-0.5770419
-0.56763947
-0.55840856
-0.54934573
-0.54044545
-0.5317046
-0.52311826
-0.51468354
-0.50639665
-0.49825418
-0.4902527
-0.48238978
-0.47466192
-0.46706575
-0.45959884
-0.45225862
-0.4450422
-0.43794644
-0.43096995
-0.42410907
-0.41736197
-0.41072628
-0.40419906
-0.39777863
-0.39146262
-0.38524878
-0.37913534
-0.37311986
-0.3672001
-0.3613748
-0.35564157
-0.34999847
-0.34444398
-0.33897635
-0.3335936
-0.32829446
-0.32307675
-0.31793967
-0.3128804
-0.30789897
-0.30299285
-0.29816124
-0.29340237
-0.28871483
-0.28409797
-0.27954963
-0.27506912
-0.27065524
-0.26630664
-0.26202208
-0.25780037
-0.25364074
-0.2495421
-0.24550304
-0.24152264
-0.23760024
-0.23373438
-0.22992404
-0.22616884
-0.22246787
-0.21881956
-0.21522298
-0.21167767
-0.20818329
-0.20473786
-0.20134096
-0.19799231
-0.19469059
-0.19143473
-0.18822479
-0.18505949
-0.18193784
-0.17885944
-0.1758239
-0.17283008
-0.16987698
-0.1669644
-0.16409165
-0.16125791
-0.15846239
-0.15570441
-0.15298426
-0.7667952
-0.7524948
-0.73873824
-0.7254531
-0.71258545
-0.7000927
-0.68794304
-0.67610943
-0.66456956
-0.6533048
-0.6422979
-0.63153493
-0.62100327
-0.61069214
-0.6005907
-0.5906916
-0.58098596
-0.571467
-0.5621283
-0.5529643
-0.54396987
-0.5351397
-0.5264691
-0.51795524
-0.5095922
-0.5013776
-0.49330765
-0.48537895
-0.47758806
-0.4699322
-0.46240762
-0.45501247
-0.44774327
-0.440597
-0.433572
-0.42666474
-0.4198733
-0.41319454
-0.40662628
-0.40016645
-0.39381227
-0.3875623
-0.38141328
-0.3753636
-0.36941144
-0.3635548
-0.3577907
-0.3521182
-0.34653455
-0.34103906
-0.33562937
-0.33030364
-0.32505998
-0.3198973
-0.31481388
-0.30980787
-0.30487832
-0.30002332
-0.2952413
-0.29053143
-0.2858919
-0.2813219
-0.27681974
-0.27238458
-0.26801443
-0.26370874
-0.2594666
-0.25528654
-0.2511672
-0.24710804
-0.2431077
-0.23916546
-0.23528035
-0.23145089
-0.22767644
-0.22395578
-0.22028863
-0.2166737
-0.21311007
-0.20959695
-0.20613357
-0.20271869
-0.19935252
-0.1960328
-0.19275977
-0.18953256
-0.18635018
-0.18321185
-0.18011692
-0.17706463
-0.1740544
-0.17108506
-0.16815689
-0.16526832
-0.16241874
-0.15960805
-0.15683523
-0.15409963
-0.15140037
-0.14873761
-0.74680555
-0.73272324
-0.7191909
-0.70613676
-0.693506
-0.68125755
-0.6693568
-0.65777737
-0.6464949
-0.63548964
-0.6247443
-0.6142439
-0.60397506
-0.59392637
-0.5840865
-0.5744465
-0.5649984
-0.55573416
-0.54664797
-0.5377335
-0.5289844
-0.52039725
-0.5119667
-0.50368834
-0.49555838
-0.48757318
-0.4797285
-0.47202185
-0.46445
-0.4570092
-0.44969675
-0.44251004
-0.43544582
-0.42850232
-0.42167538
-0.41496322
-0.40836394
-0.40187413
-0.39549175
-0.38921434
-0.3830399
-0.37696585
-0.37099025
-0.36511102
-0.3593258
-0.3536332
-0.34803045
-0.34251645
-0.33708864
-0.3317454
-0.3264854
-0.32130662
-0.31620735
-0.31118608
-0.30624163
-0.30137214
-0.29657608
-0.29185218
-0.28719884
-0.28261536
-0.27809942
-0.2736511
-0.26926768
-0.26494876
-0.26069385
-0.25650072
-0.25236863
-0.24829683
-0.24428347
-0.24032822
-0.23643063
-0.23258851
-0.22880146
-0.22506826
-0.22138838
-0.21776074
-0.21418484
-0.21065944
-0.20718373
-0.20375694
-0.20037815
-0.19704692
-0.1937617
-0.19052236
-0.18732817
-0.1841783
-0.18107161
-0.17800751
-0.17498581
-0.17200547
-0.16906573
-0.16616566
-0.16330555
-0.16048372
-0.1576997
-0.15495344
-0.15224364
-0.14957024
-0.14693257
-0.14432928
-0.72594327
-0.71211225
-0.69883347
-0.68603706
-0.6736684
-0.66168547
-0.6500544
-0.6387469
-0.62773883
-0.61700994
-0.6065415
-0.59631807
-0.5863254
-0.57655144
-0.56698537
-0.55761665
-0.5484374
-0.539439
-0.5306155
-0.5219605
-0.51346827
-0.5051337
-0.4969519
-0.48891848
-0.48103037
-0.47328308
-0.46567297
-0.458197
-0.4508518
-0.44363442
-0.43654162
-0.42957142
-0.4227199
-0.4159851
-0.40936404
-0.40285426
-0.39645386
-0.39015946
-0.38396934
-0.37788063
-0.37189206
-0.3660003
-0.36020392
-0.35450104
-0.34888873
-0.34336585
-0.33792984
-0.3325796
-0.32731244
-0.3221269
-0.31702176
-0.3119949
-0.3070446
-0.30217007
-0.29736885
-0.29264018
-0.28798214
-0.283394
-0.27887315
-0.27442005
-0.27003238
-0.2657094
-0.26144913
-0.25725126
-0.2531141
-0.2490374
-0.24501929
-0.24105914
-0.23715542
-0.23330796
-0.229516
-0.22577736
-0.22209157
-0.2184586
-0.21487698
-0.21134542
-0.20786373
-0.2044309
-0.20104587
-0.19770797
-0.19441716
-0.19117188
-0.18797101
-0.18481483
-0.18170185
-0.17863165
-0.17560342
-0.17261693
-0.16967088
-0.1667648
-0.163898
-0.16106996
-0.15828012
-0.15552726
-0.15281172
-0.15013194
-0.14748795
-0.14487901
-0.14230438
-0.13976292
-0.7042237
-0.6906774
-0.67768264
-0.6651705
-0.65308756
-0.6413927
-0.6300517
-0.6190352
-0.6083193
-0.5978823
-0.58770627
-0.577774
-0.56807095
-0.5585852
-0.5493044
-0.5402187
-0.5313191
-0.52259797
-0.51404756
-0.5056625
-0.49743587
-0.4893634
-0.48144
-0.47366142
-0.4660234
-0.45852253
-0.45115477
-0.44391793
-0.43680748
-0.4298215
-0.42295614
-0.41620913
-0.4095775
-0.40305912
-0.39665067
-0.39035004
-0.38415506
-0.37806246
-0.37207067
-0.36617774
-0.36038008
-0.3546774
-0.34906545
-0.34354427
-0.3381105
-0.33276257
-0.3274985
-0.32231706
-0.31721598
-0.3121932
-0.30724734
-0.3023773
-0.29758117
-0.29285714
-0.28820437
-0.28362003
-0.279105
-0.27465627
-0.270273
-0.26595426
-0.26169842
-0.2575047
-0.2533717
-0.24929789
-0.24528334
-0.24132597
-0.23742592
-0.23358087
-0.22979032
-0.22605415
-0.22237083
-0.21873921
-0.2151583
-0.21162821
-0.20814715
-0.20471506
-0.20133063
-0.19799344
-0.19470228
-0.19145681
-0.18825573
-0.18509889
-0.18198557
-0.17891498
-0.17588608
-0.1728986
-0.16995141
-0.16704437
-0.16417661
-0.1613472
-0.15855642
-0.1558024
-0.15308489
-0.15040393
-0.14775832
-0.14514756
-0.1425714
-0.14002895
-0.13751948
-0.13504313
-0.68166447
-0.6684352
-0.6557537
-0.6435531
-0.6317811
-0.62039715
-0.6093657
-0.5986593
-0.5882526
-0.5781248
-0.5682557
-0.5586288
-0.5492293
-0.54004407
-0.53106076
-0.52226955
-0.513661
-0.50522697
-0.49696043
-0.488855
-0.48090354
-0.4731025
-0.4654464
-0.45793065
-0.4505523
-0.44330603
-0.43618968
-0.42919913
-0.42233133
-0.41558403
-0.4089531
-0.40243682
-0.3960321
-0.3897367
-0.38354746
-0.37746257
-0.3714793
-0.3655954
-0.35980806
-0.35411578
-0.34851623
-0.3430069
-0.33758613
-0.33225146
-0.32700157
-0.32183376
-0.3167472
-0.3117391
-0.30680886
-0.30195373
-0.29717234
-0.29246357
-0.28782535
-0.2832567
-0.27875602
-0.27432173
-0.2699527
-0.26564842
-0.26140606
-0.2572254
-0.2531056
-0.24904484
-0.24504225
-0.24109693
-0.23720802
-0.23337428
-0.22959456
-0.22586837
-0.22219497
-0.21857241
-0.215001
-0.21147966
-0.20800701
-0.20458254
-0.20120615
-0.19787572
-0.19459197
-0.19135286
-0.18815829
-0.18500766
-0.18189952
-0.17883477
-0.175811
-0.17282875
-0.16988608
-0.16698365
-0.16412003
-0.16129504
-0.1585077
-0.15575762
-0.15304391
-0.15036654
-0.14772445
-0.14511715
-0.14254394
-0.14000441
-0.13749814
-0.13502438
-0.13258262
-0.13017206
-0.6582851
-0.6454049
-0.6330667
-0.6212043
-0.60976785
-0.59871656
-0.58801615
-0.5776392
-0.5675595
-0.5577561
-0.5482095
-0.53890216
-0.5298188
-0.5209465
-0.51227266
-0.50378704
-0.49548036
-0.48734412
-0.47937107
-0.47155413
-0.46388844
-0.4563675
-0.44898725
-0.44174394
-0.43463212
-0.42764905
-0.42079118
-0.4140548
-0.40743747
-0.40093565
-0.3945467
-0.38826835
-0.3820977
-0.37603164
-0.3700684
-0.3642049
-0.35843995
-0.35276997
-0.34719348
-0.34170797
-0.3363113
-0.3310014
-0.32577652
-0.32063454
-0.31557286
-0.3105912
-0.30568615
-0.30085686
-0.2961015
-0.29141834
-0.28680623
-0.28226295
-0.27778742
-0.2733781
-0.269034
-0.2647534
-0.26053506
-0.25637823
-0.25228095
-0.248242
-0.2442619
-0.2403379
-0.23646991
-0.23265602
-0.22889653
-0.22518936
-0.22153394
-0.21792987
-0.21437575
-0.21087104
-0.20741493
-0.20400646
-0.20064466
-0.19732936
-0.19405931
-0.19083416
-0.18765303
-0.18451518
-0.18142015
-0.17836669
-0.17535512
-0.17238371
-0.16945231
-0.16656052
-0.16370682
-0.16089174
-0.15811439
-0.15537392
-0.15266941
-0.15000065
-0.14736712
-0.14476843
-0.14220352
-0.13967195
-0.13717324
-0.13470706
-0.13227284
-0.12986965
-0.1274973
-0.12515548
-0.6341049
-0.6216076
-0.6096412
-0.5981442
-0.5870675
-0.57637167
-0.5660229
-0.5559934
-0.5462586
-0.53679603
-0.5275863
-0.51861215
-0.5098589
-0.50131136
-0.49295878
-0.48479012
-0.47679597
-0.468967
-0.46129718
-0.4537785
-0.4464068
-0.43917528
-0.4320797
-0.42511588
-0.41827962
-0.41156727
-0.40497527
-0.39850077
-0.39214072
-0.38589212
-0.37975207
-0.3737179
-0.36778724
-0.3619576
-0.356226
-0.350591
-0.34504953
-0.33959952
-0.33423927
-0.32896584
-0.3237775
-0.31867245
-0.31364873
-0.30870354
-0.30383593
-0.29904458
-0.2943263
-0.28968036
-0.28510463
-0.2805985
-0.2761589
-0.27178547
-0.26747653
-0.2632312
-0.2590474
-0.25492406
-0.25086027
-0.24685468
-0.24290583
-0.23901375
-0.23517598
-0.23139204
-0.22766145
-0.22398272
-0.22035563
-0.21677837
-0.21325052
-0.20977151
-0.20634042
-0.20295605
-0.199618
-0.19632539
-0.19307776
-0.18987434
-0.18671426
-0.18359636
-0.18052089
-0.1774871
-0.17449401
-0.1715405
-0.16862649
-0.16575205
-0.16291519
-0.1601163
-0.15735477
-0.15462935
-0.15193972
-0.1492859
-0.14666663
-0.1440816
-0.14153042
-0.13901173
-0.13652624
-0.13407266
-0.13165125
-0.12925962
-0.1268995
-0.124568865
-0.122268006
-0.11999618
-0.60914844
-0.5970642
-0.5854999
-0.5743945
-0.5637017
-0.55338335
-0.54340667
-0.5337442
-0.52437097
-0.515265
-0.50640714
-0.4977802
-0.48936898
-0.4811591
-0.4731387
-0.46529773
-0.4576256
-0.45011497
-0.4427574
-0.43554676
-0.42847714
-0.4215432
-0.41474035
-0.40806434
-0.40151092
-0.39507702
-0.3887584
-0.38255334
-0.37645736
-0.37046823
-0.36458367
-0.3588004
-0.3531161
-0.3475286
-0.3420353
-0.33663404
-0.3313217
-0.3260978
-0.32095817
-0.31590274
-0.31092831
-0.30603263
-0.30121455
-0.2964717
-0.29180294
-0.2872058
-0.28267878
-0.27822044
-0.27382886
-0.2695028
-0.26524103
-0.26104137
-0.25690314
-0.25282505
-0.24880554
-0.2448436
-0.24093735
-0.23708686
-0.23329043
-0.22954756
-0.22585613
-0.22221626
-0.21862632
-0.21508598
-0.21159427
-0.20814994
-0.20475304
-0.20140164
-0.19809617
-0.19483529
-0.19161838
-0.18844487
-0.1853136
-0.18222423
-0.17917623
-0.17616896
-0.17320193
-0.17027414
-0.16738509
-0.16453446
-0.16172124
-0.15894532
-0.15620562
-0.15350193
-0.15083376
-0.1482004
-0.14560144
-0.14303619
-0.14050409
-0.13800457
-0.13553776
-0.13310234
-0.13069804
-0.12832426
-0.12598097
-0.123667054
-0.12138272
-0.11912697
-0.11689859
-0.11469883
-0.58344
-0.5718008
-0.5606655
-0.54997844
-0.5396941
-0.5297756
-0.5201907
-0.5109131
-0.5019187
-0.49318492
-0.4846936
-0.47642758
-0.4683706
-0.46051013
-0.45283365
-0.44533023
-0.4379906
-0.4308068
-0.4237704
-0.4168763
-0.4101177
-0.40348962
-0.396987
-0.39060682
-0.38434392
-0.3781954
-0.37215766
-0.36622807
-0.36040336
-0.35468015
-0.34905702
-0.3435307
-0.33809915
-0.33275974
-0.32750976
-0.32234767
-0.3172709
-0.312277
-0.30736488
-0.3025315
-0.2977754
-0.29309428
-0.28848693
-0.28395098
-0.27948454
-0.2750869
-0.27075514
-0.26648876
-0.2622853
-0.2581442
-0.25406313
-0.25004128
-0.24607784
-0.24217053
-0.23831919
-0.23452146
-0.23077707
-0.22708476
-0.22344367
-0.21985309
-0.21631125
-0.21281819
-0.20937257
-0.20597322
-0.20261994
-0.19931208
-0.19604814
-0.19282837
-0.18965103
-0.18651631
-0.18342267
-0.18037075
-0.17735879
-0.1743863
-0.17145324
-0.16855878
-0.165702
-0.162883
-0.16010062
-0.15735479
-0.15464483
-0.15196976
-0.14932953
-0.14672352
-0.14415126
-0.1416117
-0.1391053
-0.13663042
-0.13418786
-0.13177635
-0.12939516
-0.12704465
-0.12472347
-0.12243161
-0.1201684
-0.11793368
-0.115727
-0.113547094
-0.11139491
-0.10926855
-0.5570056
-0.5458414
-0.5351645
-0.5249208
-0.5150682
-0.50557065
-0.49639824
-0.4875236
-0.47892386
-0.470578
-0.46246704
-0.4545744
-0.4468851
-0.43938464
-0.43206212
-0.424907
-0.4179096
-0.41106158
-0.40435657
-0.39778706
-0.39134732
-0.3850328
-0.37883887
-0.37276116
-0.36679548
-0.36093953
-0.35518926
-0.3495417
-0.34399387
-0.3385436
-0.33318794
-0.32792476
-0.32275075
-0.31766546
-0.31266436
-0.30774698
-0.3029104
-0.29815271
-0.29347166
-0.28886545
-0.28433254
-0.27987102
-0.27547815
-0.27115306
-0.26689434
-0.26269922
-0.25856707
-0.25449634
-0.25048488
-0.24653232
-0.24263602
-0.23879601
-0.23500974
-0.23127706
-0.2275966
-0.22396722
-0.2203879
-0.2168574
-0.21337523
-0.20993973
-0.20655082
-0.20320725
-0.19990826
-0.19665308
-0.1934417
-0.19027236
-0.18714477
-0.18405813
-0.1810122
-0.17800616
-0.1750391
-0.17211059
-0.16922061
-0.16636768
-0.16355188
-0.16077249
-0.15802886
-0.15532029
-0.15264732
-0.1500082
-0.14740328
-0.14483154
-0.14229238
-0.13978632
-0.13731126
-0.13486834
-0.13245618
-0.13007411
-0.12772293
-0.12540044
-0.12310772
-0.12084381
-0.1186073
-0.11639949
-0.114218794
-0.11206422
-0.109936744
-0.10783569
-0.105759546
-0.10370915
-0.52987444
-0.51921517
-0.5090237
-0.49924886
-0.48985106
-0.4807955
-0.4720538
-0.46360016
-0.4554116
-0.4474687
-0.43975177
-0.43224505
-0.424934
-0.41780567
-0.41084796
-0.40405014
-0.39740446
-0.39090145
-0.38453463
-0.37829804
-0.3721854
-0.36619174
-0.36031312
-0.35454535
-0.3488844
-0.34332696
-0.3378704
-0.3325115
-0.32724717
-0.3220754
-0.316993
-0.31199783
-0.30708787
-0.30226073
-0.2975146
-0.29284623
-0.28825498
-0.28373775
-0.27929285
-0.2749188
-0.27061328
-0.26637465
-0.26220134
-0.25809154
-0.25404367
-0.25005582
-0.24612698
-0.24225532
-0.23843977
-0.23467892
-0.23097134
-0.22731572
-0.22371095
-0.22015601
-0.21665044
-0.21319163
-0.20978022
-0.20641407
-0.20309357
-0.1998165
-0.19658305
-0.19339256
-0.19024314
-0.18713506
-0.18406726
-0.18103912
-0.17805064
-0.17510043
-0.1721878
-0.16931264
-0.16647433
-0.16367222
-0.16090605
-0.1581746
-0.15547907
-0.15281652
-0.15018833
-0.1475931
-0.14503118
-0.1425014
-0.14000341
-0.13753667
-0.1351011
-0.13269633
-0.13032128
-0.12797621
-0.12566024
-0.123373374
-0.121114634
-0.11888373
-0.116680905
-0.11450498
-0.11235541
-0.11023268
-0.10813566
-0.10606393
-0.10401725
-0.10199581
-0.09999822
-0.09802483
-0.5020773
-0.4919517
-0.4822717
-0.47298968
-0.46406856
-0.45547563
-0.44718322
-0.43916765
-0.4314057
-0.42387912
-0.4165701
-0.4094614
-0.40254116
-0.39579478
-0.3892113
-0.3827808
-0.3764952
-0.37034577
-0.3643258
-0.3584296
-0.3526514
-0.34698611
-0.34142974
-0.3359784
-0.33062822
-0.32537618
-0.32021916
-0.31515455
-0.31017914
-0.30529106
-0.3004877
-0.29576638
-0.29112545
-0.286562
-0.2820745
-0.27766114
-0.27331892
-0.26904684
-0.2648427
-0.26070446
-0.2566309
-0.25261965
-0.24866948
-0.2447787
-0.24094552
-0.23716828
-0.23344633
-0.229778
-0.22616124
-0.22259551
-0.2190792
-0.2156119
-0.21219155
-0.20881744
-0.20548868
-0.20220476
-0.1989639
-0.19576554
-0.19260894
-0.18949321
-0.18641831
-0.18338281
-0.1803854
-0.17742677
-0.17450584
-0.17162141
-0.1687741
-0.16596216
-0.16318586
-0.16044413
-0.15773664
-0.15506308
-0.1524233
-0.14981607
-0.14724152
-0.14469875
-0.14218771
-0.13970746
-0.13725907
-0.13483971
-0.1324508
-0.13009147
-0.12776135
-0.12545997
-0.123186424
-0.120941006
-0.118723065
-0.11653281
-0.114368476
-0.11223095
-0.11011933
-0.10803328
-0.105972745
-0.10393641
-0.10192477
-0.09993741
-0.097973146
-0.09603292
-0.09411506
-0.09221998
-0.47364601
-0.46408188
-0.45493883
-0.44617334
-0.43775016
-0.42963907
-0.42181405
-0.41425213
-0.40693286
-0.39983618
-0.3929466
-0.38624927
-0.37972876
-0.3733747
-0.3671755
-0.3611214
-0.35520446
-0.34941655
-0.34375128
-0.3382027
-0.3327654
-0.3274351
-0.32220763
-0.31707942
-0.3120458
-0.30710518
-0.30225337
-0.29748908
-0.29280812
-0.28820923
-0.2836896
-0.27924722
-0.27487963
-0.27058485
-0.26636118
-0.26220602
-0.25811848
-0.25409555
-0.25013587
-0.24623764
-0.24239959
-0.23861995
-0.2348963
-0.23122777
-0.22761288
-0.22405012
-0.22053841
-0.21707588
-0.21366133
-0.21029429
-0.20697248
-0.20369603
-0.20046306
-0.19727246
-0.19412401
-0.1910168
-0.18794906
-0.18492119
-0.18193153
-0.17897968
-0.17606509
-0.173187
-0.17034468
-0.1675377
-0.16476573
-0.16202766
-0.15932378
-0.15665233
-0.1540141
-0.1514081
-0.14883381
-0.14629114
-0.14377943
-0.14129809
-0.13884719
-0.13642564
-0.13403375
-0.1316709
-0.12933655
-0.12703076
-0.12475287
-0.12250241
-0.12027952
-0.118082985
-0.11591325
-0.11376914
-0.11165151
-0.10955826
-0.10749075
-0.10544762
-0.10342968
-0.10143479
-0.09946427
-0.0975161
-0.09559157
-0.09368902
-0.09180977
-0.08995165
-0.088114955
-0.08629976
-0.44461682
-0.4356388
-0.42705718
-0.41883057
-0.4109255
-0.4033151
-0.39597428
-0.38888153
-0.3820179
-0.37536535
-0.36890832
-0.3626311
-0.35652247
-0.35057065
-0.344764
-0.33909455
-0.3335545
-0.32813555
-0.32283193
-0.31763825
-0.31254926
-0.30756018
-0.30266762
-0.29786775
-0.2931571
-0.28853324
-0.28399292
-0.27953288
-0.27515206
-0.2708468
-0.26661584
-0.2624568
-0.25836772
-0.25434566
-0.2503901
-0.24649785
-0.24266768
-0.23889801
-0.23518728
-0.23153299
-0.22793372
-0.2243887
-0.22089538
-0.21745317
-0.21405908
-0.2107141
-0.20741531
-0.20416173
-0.20095283
-0.19778655
-0.1946625
-0.1915795
-0.18853675
-0.18553244
-0.18256691
-0.17963879
-0.1767473
-0.17389134
-0.17107116
-0.16828556
-0.1655339
-0.16281578
-0.16013053
-0.1574779
-0.15485667
-0.15226692
-0.14970824
-0.1471798
-0.14468156
-0.14221305
-0.13977423
-0.1373638
-0.13498208
-0.13262892
-0.13030295
-0.12800497
-0.12573402
-0.123489976
-0.12127263
-0.11908167
-0.116916165
-0.11477629
-0.112661816
-0.11057217
-0.1085072
-0.10646649
-0.10444984
-0.102456674
-0.10048684
-0.09854029
-0.096616335
-0.09471477
-0.092834845
-0.09097743
-0.089140706
-0.08732531
-0.08553127
-0.083757214
-0.08200348
-0.08026956
-0.41502345
-0.40665808
-0.3986602
-0.3909925
-0.3836251
-0.3765329
-0.3696924
-0.36308336
-0.35668918
-0.35049212
-0.34447813
-0.3386332
-0.33294553
-0.3274043
-0.32199946
-0.31672257
-0.31156665
-0.30652454
-0.30158928
-0.2967567
-0.2920221
-0.2873803
-0.2828288
-0.27836338
-0.27398053
-0.26967865
-0.26545405
-0.26130465
-0.2572279
-0.25322142
-0.24928372
-0.24541233
-0.24160558
-0.237861
-0.23417668
-0.23055153
-0.22698337
-0.22347057
-0.2200114
-0.21660414
-0.21324767
-0.20994024
-0.20668045
-0.2034667
-0.20029823
-0.19717279
-0.1940898
-0.19104853
-0.18804733
-0.18508525
-0.18216112
-0.17927411
-0.17642342
-0.17360844
-0.17082775
-0.16808143
-0.165368
-0.16268721
-0.16003814
-0.15742065
-0.15483423
-0.15227835
-0.14975181
-0.14725478
-0.14478676
-0.14234741
-0.13993634
-0.13755246
-0.13519618
-0.13286723
-0.13056469
-0.12828945
-0.12603983
-0.123815596
-0.12161704
-0.11944433
-0.11729614
-0.11517232
-0.113073364
-0.1109985
-0.10894716
-0.106919706
-0.10491521
-0.10293381
-0.100975454
-0.09903881
-0.097124994
-0.09523325
-0.09336267
-0.09151366
-0.0896856
-0.087878175
-0.08609159
-0.0843249
-0.082578346
-0.08085074
-0.07914307
-0.077454485
-0.0757845
-0.07413313
-0.38490534
-0.37717503
-0.36978215
-0.36269388
-0.3558816
-0.34932327
-0.34299764
-0.33688676
-0.3309743
-0.32524487
-0.31968436
-0.314281
-0.30902338
-0.30390143
-0.29890627
-0.2940299
-0.28926483
-0.2846055
-0.28004533
-0.27558059
-0.2712058
-0.26691744
-0.2627121
-0.2585861
-0.25453663
-0.25056115
-0.24665771
-0.24282275
-0.23905487
-0.23535204
-0.23171088
-0.22813171
-0.22461072
-0.22114727
-0.21773879
-0.21438387
-0.2110808
-0.20782796
-0.20462419
-0.20146748
-0.19835612
-0.19528988
-0.19226596
-0.1892839
-0.1863427
-0.18344037
-0.18057585
-0.17774923
-0.17495778
-0.17220181
-0.16947994
-0.16679195
-0.16413552
-0.16151153
-0.15891792
-0.15635493
-0.15382205
-0.15131831
-0.1488428
-0.1463959
-0.14397642
-0.141584
-0.13921818
-0.13687888
-0.13456567
-0.13227822
-0.13001628
-0.1277793
-0.12556666
-0.12337895
-0.12121533
-0.11907537
-0.116959
-0.11486672
-0.11279685
-0.110750265
-0.10872622
-0.10672482
-0.10474531
-0.1027882
-0.10085264
-0.098938555
-0.09704625
-0.095174655
-0.093323484
-0.09149344
-0.08968362
-0.08789365
-0.08612418
-0.08437369
-0.08264281
-0.080931105
-0.07923838
-0.077563785
-0.07590777
-0.07427017
-0.07265051
-0.07104833
-0.06946331
-0.06789562
-0.35430175
-0.34722823
-0.34046015
-0.33396822
-0.32772824
-0.32171887
-0.3159222
-0.31032193
-0.30490243
-0.2996506
-0.29455382
-0.28960127
-0.2847819
-0.28008732
-0.27550933
-0.2710396
-0.2666731
-0.26240236
-0.25822413
-0.25413173
-0.25012285
-0.24619216
-0.24233812
-0.23855674
-0.23484533
-0.23120123
-0.22762248
-0.22410667
-0.22065176
-0.21725564
-0.21391606
-0.21063192
-0.20740108
-0.20422162
-0.20109183
-0.19801068
-0.19497615
-0.19198643
-0.18904077
-0.18613702
-0.18327466
-0.18045112
-0.17766629
-0.17491858
-0.17220685
-0.16952991
-0.16688663
-0.16427556
-0.16169728
-0.15914983
-0.15663238
-0.15414424
-0.15168492
-0.1492533
-0.14684953
-0.144472
-0.14212121
-0.13979568
-0.1374959
-0.13522041
-0.13296959
-0.13074298
-0.12853946
-0.12635985
-0.12420347
-0.12206968
-0.11995787
-0.11786875
-0.115801655
-0.113756664
-0.11173295
-0.10973068
-0.10774935
-0.10578931
-0.103849776
-0.10193146
-0.100032866
-0.098154604
-0.09629672
-0.09445775
-0.09263974
-0.09084083
-0.08906107
-0.08730044
-0.085558355
-0.08383581
-0.08213119
-0.080444895
-0.078776695
-0.07712699
-0.07549452
-0.07387898
-0.072281726
-0.07070094
-0.06913705
-0.06758996
-0.06605907
-0.06454399
-0.06304524
-0.061562236
-0.32325396
-0.31685534
-0.31073016
-0.30485186
-0.2991981
-0.29375163
-0.2884961
-0.28341728
-0.27850187
-0.27373803
-0.2691138
-0.26461965
-0.260247
-0.25598705
-0.25183254
-0.2477762
-0.24381348
-0.23993833
-0.23614588
-0.23243186
-0.22879367
-0.22522642
-0.2217281
-0.2182959
-0.21492648
-0.21161784
-0.20836805
-0.20517537
-0.20203707
-0.1989517
-0.19591682
-0.19293118
-0.18999341
-0.18710165
-0.18425404
-0.18144906
-0.17868552
-0.17596196
-0.17327675
-0.17062892
-0.16801684
-0.16543983
-0.16289575
-0.16038464
-0.15790454
-0.15545473
-0.15303472
-0.15064257
-0.14827856
-0.14594081
-0.14363009
-0.14134397
-0.13908295
-0.13684627
-0.13463292
-0.13244292
-0.13027523
-0.12813047
-0.12600712
-0.12390544
-0.121824704
-0.11976483
-0.117725715
-0.11570683
-0.11370812
-0.111729376
-0.10977015
-0.10783034
-0.10591003
-0.10400885
-0.10212601
-0.10026299
-0.09841811
-0.09659174
-0.0947836
-0.092994474
-0.09122287
-0.08946922
-0.08773362
-0.08601567
-0.08431553
-0.08263252
-0.080966756
-0.07931814
-0.07768682
-0.07607215
-0.07447438
-0.07289315
-0.07132739
-0.069778435
-0.06824539
-0.066728145
-0.06522674
-0.06374048
-0.062270116
-0.06081422
-0.059373196
-0.057946984
-0.056535628
-0.055138085
-0.2918036
-0.28609818
-0.28063133
-0.27538055
-0.2703269
-0.2654554
-0.2607526
-0.25620624
-0.25180402
-0.24753584
-0.24339198
-0.23936449
-0.23544484
-0.23162618
-0.22790168
-0.22426496
-0.22071165
-0.21723644
-0.2138352
-0.21050516
-0.20724131
-0.20404197
-0.20090389
-0.19782464
-0.1948014
-0.19183248
-0.18891534
-0.18604901
-0.18322994
-0.18045844
-0.17773159
-0.17504765
-0.17240614
-0.1698042
-0.16724119
-0.16471562
-0.16222602
-0.15977015
-0.15734859
-0.15495846
-0.15259908
-0.1502698
-0.14796968
-0.14569654
-0.14345017
-0.14122933
-0.1390341
-0.13686289
-0.13471457
-0.13258883
-0.13048546
-0.12840334
-0.12634228
-0.1243016
-0.122280784
-0.12027914
-0.118296966
-0.11633325
-0.114388555
-0.11246138
-0.110552095
-0.10866067
-0.106786765
-0.10493021
-0.103090025
-0.10126776
-0.0994619
-0.09767285
-0.09590039
-0.09414409
-0.09240461
-0.090681285
-0.08897363
-0.087282576
-0.085606806
-0.08394786
-0.08230427
-0.08067651
-0.07906441
-0.077467635
-0.07588693
-0.074320905
-0.07277047
-0.071234964
-0.06971471
-0.06820998
-0.06671929
-0.06524342
-0.06378232
-0.062335465
-0.060902596
-0.059484243
-0.058079805
-0.056689456
-0.05531234
-0.05394928
-0.05259887
-0.051262304
-0.0499388
-0.04862789
-0.25999427
-0.25499657
-0.2502022
-0.24559121
-0.2411497
-0.23686412
-0.23272324
-0.22871755
-0.22483727
-0.22107284
-0.21741791
-0.21386303
-0.2104034
-0.20703126
-0.2037418
-0.20053026
-0.19739147
-0.19432083
-0.19131596
-0.1883729
-0.18548883
-0.18266068
-0.17988653
-0.17716357
-0.17449008
-0.17186393
-0.16928297
-0.16674545
-0.16425034
-0.16179512
-0.15937881
-0.15699953
-0.1546564
-0.15234724
-0.15007128
-0.14782673
-0.14561309
-0.14342819
-0.14127117
-0.13914108
-0.13703701
-0.13495739
-0.13290176
-0.13086863
-0.1288577
-0.12686817
-0.12489844
-0.12294874
-0.121018246
-0.119105905
-0.11721127
-0.11533483
-0.113474704
-0.11163122
-0.109803356
-0.10799242
-0.10619624
-0.10441517
-0.1026493
-0.10089864
-0.099162325
-0.09744016
-0.095732644
-0.09403884
-0.092359334
-0.09069422
-0.08904276
-0.087405436
-0.08578183
-0.08417147
-0.082575805
-0.080993295
-0.079423845
-0.077868685
-0.07632722
-0.07479921
-0.07328469
-0.07178375
-0.07029605
-0.0688218
-0.06736039
-0.06591331
-0.06447889
-0.06305736
-0.061649505
-0.060254507
-0.058872346
-0.057503145
-0.056146797
-0.05480292
-0.05347178
-0.05215313
-0.05084675
-0.04955238
-0.048270598
-0.047000118
-0.045742355
-0.044495523
-0.043260876
-0.042037155
-0.22787032
-0.22359315
-0.21948221
-0.21552306
-0.2117022
-0.2080119
-0.20444281
-0.20098598
-0.19763431
-0.1943812
-0.19121945
-0.18814397
-0.18514894
-0.1822291
-0.17938015
-0.17659691
-0.17387709
-0.17121601
-0.16861087
-0.16605933
-0.16355823
-0.16110474
-0.1586976
-0.15633506
-0.15401407
-0.15173323
-0.14949134
-0.14728661
-0.1451163
-0.14298052
-0.1408771
-0.138805
-0.1367627
-0.13474846
-0.13276161
-0.13080011
-0.12886395
-0.12695143
-0.12506145
-0.123192795
-0.12134498
-0.1195166
-0.1177073
-0.1159158
-0.114141144
-0.11238342
-0.11064158
-0.108915
-0.10720285
-0.10550523
-0.10382109
-0.10215029
-0.100491896
-0.098846905
-0.097214565
-0.09559361
-0.09398482
-0.0923877
-0.09080186
-0.089227825
-0.08766516
-0.08611361
-0.08457285
-0.08304389
-0.08152524
-0.080018215
-0.07852189
-0.07703703
-0.07556297
-0.074100435
-0.07264834
-0.071207665
-0.069777645
-0.06835977
-0.06695282
-0.06555647
-0.06417146
-0.06279815
-0.061435644
-0.060084954
-0.058744777
-0.057416204
-0.0560987
-0.05479267
-0.053497553
-0.052213322
-0.05094021
-0.04967881
-0.048427902
-0.04718763
-0.045958586
-0.044740226
-0.043532856
-0.042335432
-0.041149322
-0.03997312
-0.038807385
-0.037652068
-0.03650652
-0.035371415
-0.19547623
-0.19192995
-0.18851265
-0.18521291
-0.18202312
-0.17893557
-0.17594352
-0.17304187
-0.17022587
-0.16748902
-0.16482675
-0.16223533
-0.15970987
-0.15724665
-0.154842
-0.15249231
-0.15019438
-0.14794657
-0.14574488
-0.14358744
-0.14147246
-0.13939758
-0.13736087
-0.13536042
-0.13339496
-0.13146229
-0.12956153
-0.12769097
-0.12584898
-0.12403495
-0.1222465
-0.1204828
-0.11874296
-0.11702566
-0.11532942
-0.113653004
-0.11199572
-0.110356845
-0.10873497
-0.10712946
-0.105538756
-0.10396321
-0.10240105
-0.1008523
-0.099315494
-0.09779034
-0.09627733
-0.094774425
-0.093281895
-0.09179947
-0.09032632
-0.088862635
-0.087408066
-0.085961655
-0.08452415
-0.08309498
-0.081674136
-0.08026128
-0.078856744
-0.077460155
-0.07607154
-0.074690916
-0.07331814
-0.07195406
-0.07059747
-0.06924909
-0.06790916
-0.066577315
-0.06525374
-0.063938744
-0.06263178
-0.06133393
-0.060044106
-0.05876316
-0.0574913
-0.056227986
-0.05497369
-0.053728297
-0.052491743
-0.051264286
-0.05004648
-0.04883742
-0.047637634
-0.04644684
-0.04526535
-0.044093005
-0.042930186
-0.0417762
-0.040631272
-0.03949601
-0.038369574
-0.037252195
-0.036144122
-0.03504478
-0.033954434
-0.032873273
-0.031800535
-0.030736975
-0.02968184
-0.028635243
-0.16285801
-0.16005035
-0.15733321
-0.15470104
-0.15214759
-0.14966866
-0.14726025
-0.14491943
-0.14264303
-0.14042737
-0.13826899
-0.13616596
-0.13411374
-0.13211142
-0.13015436
-0.12824112
-0.12636913
-0.1245367
-0.12274159
-0.12098165
-0.11925548
-0.117561325
-0.11589698
-0.11426174
-0.11265346
-0.111071385
-0.10951398
-0.10797986
-0.10646796
-0.10497635
-0.10350435
-0.10205155
-0.10061569
-0.099195674
-0.09779153
-0.09640218
-0.095024884
-0.09366101
-0.09230846
-0.09096638
-0.089634456
-0.08831193
-0.08699826
-0.085692585
-0.084395066
-0.08310353
-0.08181902
-0.0805409
-0.07926855
-0.07800234
-0.076740466
-0.075484484
-0.07423317
-0.072986834
-0.07174473
-0.070507966
-0.069275655
-0.06804768
-0.06682454
-0.065606244
-0.064392336
-0.06318353
-0.061979163
-0.060780313
-0.05958567
-0.05839701
-0.05721309
-0.056034956
-0.054862212
-0.053695813
-0.052534524
-0.051379353
-0.05023043
-0.049087923
-0.04795136
-0.04682143
-0.045698036
-0.044581596
-0.04347181
-0.04236886
-0.04127293
-0.040184163
-0.039102335
-0.03802759
-0.03696016
-0.03590042
-0.034848027
-0.033802163
-0.032764383
-0.03173402
-0.030711083
-0.029695474
-0.028686933
-0.027686458
-0.026693052
-0.025706438
-0.024727665
-0.023755834
-0.022792077
-0.021834608
-0.13006066
-0.12799665
-0.12598674
-0.12402621
-0.12211403
-0.12024821
-0.11842766
-0.116652355
-0.114919305
-0.113227874
-0.1115778
-0.10996505
-0.10839004
-0.10685036
-0.10534383
-0.10387032
-0.10242681
-0.10101268
-0.09962614
-0.098265596
-0.09693057
-0.095618434
-0.09432888
-0.09306021
-0.091811754
-0.0905814
-0.089369446
-0.08817246
-0.08699145
-0.085824616
-0.084671155
-0.08352939
-0.08239861
-0.081278145
-0.08016729
-0.0790641
-0.077968664
-0.07688007
-0.07579749
-0.07472041
-0.07364739
-0.07257885
-0.071513794
-0.07045204
-0.06939281
-0.0683363
-0.06728092
-0.066227995
-0.06517631
-0.06412621
-0.06307652
-0.062028226
-0.060981285
-0.059934683
-0.05888885
-0.05784427
-0.05680075
-0.055758245
-0.05471673
-0.05367606
-0.052637603
-0.05160076
-0.050565053
-0.049531676
-0.04850026
-0.04747094
-0.04644409
-0.045420166
-0.044398855
-0.043380383
-0.04236535
-0.041353617
-0.040345736
-0.039341256
-0.03834123
-0.037344992
-0.036353152
-0.035365444
-0.034382578
-0.033404592
-0.03243132
-0.031463176
-0.03049983
-0.029541848
-0.02858949
-0.027641881
-0.026700277
-0.02576388
-0.024833318
-0.023908596
-0.022989366
-0.022075607
-0.021167556
-0.020265559
-0.019369213
-0.018478613
-0.017594041
-0.016715122
-0.015841749
-0.014974116
-0.09713244
-0.09581519
-0.09451398
-0.09322899
-0.091960154
-0.090710744
-0.08948119
-0.08827267
-0.087086715
-0.08592222
-0.084781736
-0.08366295
-0.08256646
-0.081492394
-0.08043924
-0.07940665
-0.078393415
-0.07739947
-0.07642376
-0.075464144
-0.07452131
-0.07359302
-0.07267988
-0.07177954
-0.07089128
-0.07001417
-0.069148034
-0.06829073
-0.06744179
-0.06660032
-0.06576509
-0.06493584
-0.064111225
-0.063290484
-0.062472377
-0.061657283
-0.060843807
-0.060030844
-0.059218396
-0.058405887
-0.057592858
-0.056778517
-0.05596282
-0.055145122
-0.054325107
-0.053502206
-0.052676838
-0.051849175
-0.051017918
-0.050183944
-0.04934692
-0.048506584
-0.047663372
-0.04681679
-0.04596751
-0.045115303
-0.044260494
-0.043403424
-0.04254356
-0.041682232
-0.04081874
-0.03995386
-0.039087094
-0.038219213
-0.037350915
-0.036481407
-0.03561161
-0.034741502
-0.03387187
-0.033002473
-0.032133657
-0.031265568
-0.030398734
-0.029533172
-0.028669124
-0.027806917
-0.026946595
-0.026088627
-0.025233164
-0.024380123
-0.023529423
-0.02268229
-0.021837952
-0.020997126
-0.020159401
-0.019325221
-0.018494442
-0.017667644
-0.016844567
-0.016025065
-0.01521033
-0.014398809
-0.013591703
-0.012788994
-0.0119900545
-0.01119543
-0.010405481
-0.00961962
-0.008837711
-0.0080602765
-0.06411666
-0.06354781
-0.06295676
-0.062347636
-0.061724987
-0.061093424
-0.060455285
-0.05981596
-0.059177477
-0.058542237
-0.057912633
-0.057288848
-0.05667275
-0.056065876
-0.055466436
-0.05487607
-0.05429504
-0.053722315
-0.053157877
-0.052601162
-0.05205142
-0.051508635
-0.050971936
-0.050440945
-0.049913503
-0.049391195
-0.0488709
-0.04835317
-0.04783722
-0.04732119
-0.046805456
-0.046288647
-0.04577049
-0.04524946
-0.04472581
-0.044197813
-0.043666013
-0.043129694
-0.04258768
-0.042040113
-0.041486025
-0.04092614
-0.040359054
-0.039785523
-0.0392045
-0.03861608
-0.038020615
-0.037417233
-0.036807206
-0.03618934
-0.035563882
-0.034931403
-0.034291685
-0.033645462
-0.032992434
-0.032332942
-0.03166653
-0.030994676
-0.030317174
-0.029634196
-0.028945593
-0.028252168
-0.027554842
-0.026852265
-0.026146779
-0.025437335
-0.024724908
-0.024008991
-0.023290863
-0.022570124
-0.021847533
-0.021123447
-0.020397576
-0.01967072
-0.018943146
-0.018215375
-0.017486919
-0.016758287
-0.016030403
-0.015302446
-0.014574948
-0.013848995
-0.013123631
-0.012399599
-0.011677453
-0.010956105
-0.01023717
-0.009519662
-0.008804573
-0.0080911685
-0.007380672
-0.006672149
-0.0059659667
-0.0052625756
-0.004561757
-0.0038631472
-0.0031676334
-0.0024749397
-0.0017849298
-0.0010979654
-0.03106213
-0.031239485
-0.031356912
-0.03142417
-0.031446114
-0.031431314
-0.03138594
-0.031315703
-0.031225385
-0.031119382
-0.031001223
-0.030873429
-0.030738601
-0.030598411
-0.030454736
-0.030307332
-0.030158222
-0.030007217
-0.029854668
-0.029700698
-0.02954556
-0.029388497
-0.02922825
-0.029066786
-0.028901825
-0.028732883
-0.028559871
-0.028381983
-0.02819845
-0.028008617
-0.027811715
-0.027607588
-0.027395207
-0.027174288
-0.026943704
-0.026703484
-0.026453478
-0.026192797
-0.025920933
-0.025637813
-0.025343644
-0.025036933
-0.024718456
-0.024388453
-0.024046011
-0.023691937
-0.02332523
-0.022946693
-0.022556558
-0.022154365
-0.021741267
-0.021315893
-0.020879826
-0.020433296
-0.019976145
-0.019507961
-0.019030627
-0.018544033
-0.018047618
-0.01754267
-0.0170293
-0.016507972
-0.015978575
-0.015442368
-0.014899051
-0.014349291
-0.013793606
-0.013231697
-0.0126646245
-0.012092824
-0.011516442
-0.01093615
-0.010351611
-0.009763608
-0.0091723455
-0.008578358
-0.007981697
-0.00738291
-0.006782274
-0.006179656
-0.0055755246
-0.004970614
-0.0043644924
-0.003757794
-0.003150285
-0.002542561
-0.0019351069
-0.0013273349
-0.000720199
-0.000113170594
0.00049301604
0.0010992097
0.0017039943
0.0023078914
0.0029107176
0.0035123457
0.0041132374
0.004712457
0.0053104144
0.005906937
0.0019856403
0.0010663788
0.00024224445
-0.00049756834
-0.0011624763
-0.0017629768
-0.0023086623
-0.002806049
-0.0032639164
-0.0036862472
-0.004079662
-0.0044470583
-0.0047929953
-0.005119964
-0.0054307934
-0.0057265684
-0.0060090586
-0.006280153
-0.0065392517
-0.0067884875
-0.0070270444
-0.007254812
-0.0074727735
-0.007679859
-0.0078762965
-0.008061673
-0.008234621
-0.008395962
-0.008544504
-0.0086804675
-0.008802295
-0.008910073
-0.009003198
-0.009081568
-0.009144449
-0.009191063
-0.009221537
-0.0092359865
-0.009233775
-0.009215055
-0.009178682
-0.009125563
-0.009054789
-0.008968015
-0.008863366
-0.008742285
-0.00860441
-0.008450355
-0.008279137
-0.008092607
-0.007890038
-0.007672047
-0.007439095
-0.0071912576
-0.0069291447
-0.006652909
-0.0063636927
-0.0060611963
-0.0057462933
-0.0054184594
-0.005079847
-0.0047296714
-0.0043687318
-0.003997718
-0.0036164955
-0.0032265405
-0.0028267908
-0.002419284
-0.0020035289
-0.0015802778
-0.001149855
-0.00071265904
-0.00026914105
0.00018038973
0.0006353258
0.0010953465
0.0015606717
0.0020301016
0.00250355
0.0029804914
0.0034618978
0.003945527
0.0044327495
0.0049225586
0.0054142764
0.005908785
0.0064047957
0.006902979
0.0074021947
0.007902901
0.00840523
0.008907581
0.009411555
0.009915966
0.010420783
0.010926037
0.011431355
0.011937344
0.012443138
0.012949073
